1014
35 326 259
614 398 209
618 13 73
763 195 231
977 312 275
323 21 19
202 131 63
367 82 30
57 143 312
43 366 197
959 202 399
636 147 362
275 229 171
860 344 125
568 308 273
187 198 47
361 154 247
900 270 162
133 104 6
450 160 378
14 88 1
142 349 362
664 167 13
866 90 254
797 143 389
624 258 319
440 17 252
930 382 19
906 30 31
56 271 194
586 230 63
84 126 180
742 140 63
227 206 76
389 205 47
398 112 102
723 146 253
27 326 386
861 111 197
496 42 314
837 97 30
269 154 377
761 162 170
140 309 44
503 343 351
484 395 127
31 171 36
353 204 69
177 23 156
233 217 43
526 92 52
292 268 164
460 283 256
646 130 229
653 200 357
294 56 15
15 316 284
776 33 201
306 341 150
500 239 68
804 339 269
312 113 294
186 193 272
635 290 31
601 207 46
219 37 289
833 245 263
655 397 271
377 382 175
567 241 57
314 142 227
617 83 45
65 46 358
943 356 282
242 232 117
287 0 77
238 192 112
808 119 269
794 335 20
327 382 315
521 71 250
745 353 91
288 372 224
311 288 358
176 273 178
566 103 177
786 172 293
783 331 381
956 225 187
135 257 245
788 397 375
282 249 285
612 280 266
633 266 239
201 353 364
401 152 383
253 74 180
111 256 10
980 112 12
147 0 171
61 120 87
599 103 298
407 46 305
434 254 143
766 152 392
638 226 379
960 172 264
42 37 66
950 158 328
85 77 311
736 174 54
863 37 183
417 355 70
330 349 214
511 40 75
452 332 340
276 225 241
263 66 264
662 114 288
260 175 21
222 120 343
884 136 385
543 248 326
499 304 35
816 375 33
555 167 398
188 137 278
827 172 14
651 377 165
32 84 32
779 9 329
426 381 166
493 229 99
123 166 202
796 283 347
812 258 365
507 95 164
152 85 128
239 295 228
665 292 84
988 332 73
782 280 149
272 394 333
830 281 186
346 322 388
167 319 171
76 142 23
660 293 9
405 372 269
964 66 371
119 376 387
997 109 164
892 110 164
575 329 125
89 34 266
337 91 50
637 154 208
504 179 372
993 14 168
112 228 246
675 334 128
832 314 279
448 150 185
203 228 80
719 42 396
498 317 303
915 254 25
746 243 277
659 308 378
604 178 290
199 310 112
654 198 383
643 221 18
780 210 26
179 318 185
547 115 179
887 292 281
371 132 108
333 175 257
423 94 86
97 247 220
693 397 138
756 187 332
787 228 364
100 345 357
823 298 274
114 43 236
560 377 346
577 286 390
403 255 227
180 228 212
20 312 247
961 53 154
341 234 389
243 180 371
639 20 168
971 49 1
979 41 337
965 357 289
193 190 277
490 228 209
277 348 345
437 168 293
728 242 77
372 17 171
37 158 89
88 115 338
1 249 254
393 275 280
901 30 213
217 264 350
889 156 341
235 58 217
49 256 174
212 352 194
934 229 244
819 107 160
378 6 275
62 325 4
104 365 102
267 383 72
153 386 45
105 15 121
98 278 3
587 297 332
672 259 122
984 24 86
673 220 373
590 184 127
144 236 181
364 183 85
55 3 29
1001 202 213
286 334 13
525 342 28
10 350 284
732 155 390
240 169 149
841 351 382
73 109 276
958 99 52
538 367 396
477 47 3
645 351 268
605 65 360
569 272 388
713 110 229
225 17 352
615 259 293
509 351 301
634 186 355
107 320 83
256 331 382
913 366 370
221 386 79
743 23 39
236 13 214
454 38 89
494 276 109
210 121 208
626 314 20
466 165 217
951 259 226
206 178 390
881 32 264
718 346 221
495 374 112
702 170 90
340 27 188
610 20 27
297 0 344
231 308 353
224 16 131
67 251 370
352 345 341
265 214 328
366 320 72
124 303 240
0 379 387
663 181 319
856 16 276
760 328 61
709 13 72
184 23 27
522 383 335
459 37 345
517 54 210
609 27 52
280 320 80
279 192 128
170 174 164
683 181 213
989 23 49
995 318 75
982 392 189
762 14 42
36 150 384
99 36 383
72 204 101
554 49 70
113 89 101
749 175 255
894 392 333
908 187 122
641 135 292
386 105 100
87 320 96
392 87 17
594 231 361
169 72 47
962 99 362
251 232 144
388 32 238
686 384 214
80 206 132
611 57 220
45 103 354
684 165 43
74 216 84
613 376 69
927 121 213
826 309 303
385 94 151
160 267 181
945 222 219
321 11 274
571 168 337
247 82 218
606 117 189
205 93 89
865 361 39
110 264 296
510 141 74
620 23 180
729 220 266
991 1 22
473 300 173
174 14 314
770 118 340
481 275 52
418 198 332
814 247 85
216 389 80
870 397 68
885 336 303
839 197 257
781 378 29
261 372 382
992 113 15
937 135 261
289 264 85
384 200 78
78 57 135
737 234 21
172 376 179
778 91 29
952 307 327
815 277 104
259 316 389
640 206 156
562 351 365
1000 111 191
677 173 332
226 349 336
820 78 70
768 5 272
970 312 21
685 155 154
128 172 201
844 221 47
600 279 280
29 310 211
404 371 81
51 274 220
1003 393 82
891 2 85
9 294 163
948 275 160
656 72 312
489 355 348
396 164 136
213 20 246
316 81 271
39 307 153
178 113 163
648 125 165
117 45 173
228 316 196
485 361 345
999 148 168
108 282 21
115 120 108
904 6 102
759 202 395
457 320 8
436 92 25
828 258 10
502 118 98
163 55 206
395 354 72
531 337 136
438 192 187
580 82 22
338 375 290
551 283 304
798 49 202
920 26 314
185 346 366
730 8 38
151 167 79
691 215 256
912 340 379
313 284 54
968 375 389
232 275 364
703 249 259
1012 38 46
157 366 112
931 21 263
516 187 136
862 324 379
506 155 231
919 40 335
250 121 398
154 38 332
940 97 340
773 33 157
558 356 158
565 303 89
348 1 41
16 13 2
476 187 370
234 248 300
767 116 223
34 58 343
116 206 200
315 353 84
880 237 165
149 355 32
598 265 75
902 39 1
118 375 249
109 323 275
394 388 234
246 40 318
803 180 324
30 219 383
162 161 390
22 392 94
942 328 353
705 235 185
553 8 198
537 83 246
591 263 386
444 232 199
281 383 291
852 106 36
727 60 203
523 349 68
627 395 270
533 343 76
595 224 67
1007 25 356
576 317 203
416 150 363
68 95 153
755 148 224
270 90 90
922 304 288
166 4 213
134 379 68
879 344 127
987 366 353
681 360 314
687 75 371
419 399 36
96 350 393
102 25 204
734 260 298
59 331 100
574 19 363
518 122 341
137 308 323
545 382 32
420 129 197
899 131 336
200 276 40
642 51 350
985 288 362
467 220 131
875 286 185
156 24 380
414 131 309
532 148 136
585 33 252
262 179 316
427 284 95
670 288 363
836 274 344
482 32 269
33 347 290
589 248 270
248 236 395
883 32 55
996 361 173
1009 106 259
145 346 31
472 221 292
597 236 209
631 307 52
932 271 224
122 80 396
3 7 234
549 194 388
214 374 345
1011 112 67
409 310 33
254 44 216
733 137 345
492 334 127
619 6 169
850 186 231
274 97 177
775 241 316
183 187 25
430 163 131
264 274 170
196 59 280
700 23 385
44 104 136
855 252 297
332 359 211
682 138 314
215 227 55
990 56 311
725 50 228
197 386 209
939 69 146
893 209 233
690 201 226
570 216 339
824 137 145
435 187 181
324 148 144
465 68 42
424 93 126
845 273 126
623 387 77
155 365 346
5 80 112
421 95 157
938 385 11
905 347 338
334 131 220
963 371 150
25 362 322
994 29 108
840 262 341
515 227 91
198 162 183
935 124 155
541 389 189
28 303 86
740 236 387
953 162 323
550 174 395
373 294 133
925 268 68
715 11 381
479 126 201
771 270 92
895 286 66
21 147 285
161 357 23
319 366 211
747 3 130
657 299 341
218 235 391
1013 266 17
17 80 108
464 337 119
795 318 277
150 144 372
291 279 277
442 184 341
544 211 308
946 320 121
359 99 171
520 67 141
706 332 30
106 116 389
347 78 202
103 212 397
300 320 75
650 223 344
165 312 166
461 151 20
720 121 204
878 202 271
374 38 306
483 272 245
390 24 246
363 88 322
724 231 54
835 276 345
369 346 12
468 3 345
336 156 163
298 17 184
508 272 373
916 240 282
751 48 209
849 231 18
173 253 351
676 274 145
175 264 208
249 92 237
588 219 390
293 201 322
207 20 322
998 226 361
966 276 388
356 366 1
527 251 41
63 164 21
918 115 118
621 249 373
579 214 152
126 252 355
790 107 136
542 399 22
307 55 363
822 327 97
343 281 274
721 87 32
351 267 251
622 179 333
478 291 1
376 159 88
944 129 335
854 307 340
825 362 228
540 87 122
303 25 265
458 329 84
237 25 309
132 143 46
753 142 390
258 292 299
1005 65 221
608 259 376
70 347 205
1008 181 116
255 6 59
415 241 361
75 71 380
582 352 354
644 154 235
411 285 233
252 282 380
903 202 272
711 397 155
285 236 324
425 265 160
858 233 214
647 384 345
750 339 144
874 346 75
349 13 43
679 25 271
375 140 367
972 330 107
851 170 319
564 224 223
731 264 152
120 208 191
701 351 172
831 219 17
53 379 206
911 184 154
722 165 79
95 140 5
101 203 108
785 138 125
402 151 355
530 375 18
318 148 120
308 356 334
821 97 121
141 212 42
245 47 50
92 137 318
847 121 376
697 332 65
936 129 276
757 343 389
7 45 81
273 47 392
54 147 110
981 251 232
784 48 217
127 18 389
524 87 320
512 51 193
842 245 95
552 249 91
802 30 274
148 328 269
800 362 8
817 207 172
769 354 205
976 5 105
66 44 286
387 120 82
921 211 110
974 110 363
91 297 257
882 89 51
967 257 269
399 64 344
534 46 143
121 218 194
146 61 213
897 82 244
462 77 162
563 260 57
671 205 77
397 36 334
328 380 216
278 93 79
748 157 80
710 353 342
317 192 178
914 325 303
370 63 16
209 273 127
625 359 198
857 263 361
453 99 274
158 112 20
171 257 125
986 237 8
811 171 238
358 108 157
81 321 198
329 336 55
877 148 17
838 2 353
301 83 259
83 196 153
406 213 292
360 253 193
806 134 80
223 11 386
38 214 372
296 331 148
888 96 236
446 232 290
744 268 179
583 109 195
1010 172 285
11 360 133
898 49 19
463 173 369
910 125 174
8 324 37
886 347 194
764 200 69
546 311 73
584 344 265
455 332 347
2 363 335
739 256 119
190 173 233
699 50 331
738 5 228
581 164 226
257 221 346
805 165 14
449 137 214
410 65 316
809 30 185
491 301 89
707 198 141
428 21 66
305 364 176
557 357 236
18 358 215
469 84 218
602 106 337
714 285 118
924 47 312
923 226 38
692 294 162
497 153 151
488 72 288
1002 245 205
957 332 259
661 15 17
322 362 390
559 227 4
536 46 144
772 383 377
480 108 391
230 166 69
181 324 239
266 370 4
46 228 23
983 192 274
741 320 146
929 69 80
649 375 42
774 380 161
578 224 153
907 234 269
873 236 121
229 28 207
698 271 139
859 13 279
208 351 167
871 230 117
94 47 335
652 383 325
607 70 30
556 319 384
548 191 230
204 27 98
843 79 247
168 208 170
335 134 35
947 168 23
64 142 270
52 80 318
182 252 228
382 20 147
24 305 344
131 225 258
708 288 168
975 287 273
513 370 101
717 299 272
667 169 310
668 236 92
818 133 198
130 248 121
344 361 314
362 5 293
40 108 175
26 273 54
12 60 62
529 253 4
846 63 245
445 125 237
807 178 102
917 89 294
79 265 49
339 77 47
71 197 9
284 384 355
486 140 228
834 335 97
632 342 57
680 97 259
926 255 131
320 108 190
432 86 235
379 257 158
868 5 15
69 396 104
475 121 349
90 334 178
669 203 232
799 6 300
381 260 8
501 302 59
593 187 315
13 146 92
716 112 319
295 39 151
86 101 290
514 232 241
429 20 195
896 198 174
539 205 56
164 69 29
189 359 15
528 214 241
955 91 387
867 48 204
159 399 81
694 219 253
954 72 25
302 328 75
752 108 76
192 117 62
326 331 222
630 119 67
220 272 259
869 134 295
391 345 114
439 313 2
629 98 55
241 329 117
400 176 309
271 133 235
47 374 73
792 240 126
674 357 303
380 313 41
592 382 336
573 224 218
616 341 299
310 20 39
433 233 113
350 385 139
726 371 338
342 165 267
447 322 235
561 54 118
666 45 270
864 72 322
1006 28 63
572 114 167
125 157 201
848 69 231
422 124 96
4 13 59
290 122 293
487 165 253
471 66 255
791 174 363
688 367 24
191 322 307
451 357 394
365 88 388
933 305 177
853 107 123
909 240 285
596 395 38
408 64 103
969 251 262
58 312 117
765 71 310
77 137 3
789 127 50
978 222 141
354 23 170
505 237 242
941 156 306
704 366 351
368 245 20
431 304 378
689 56 369
973 290 341
810 384 23
268 159 294
470 69 112
50 328 332
357 395 393
890 60 120
383 230 58
813 317 38
138 87 208
412 385 349
535 392 42
23 32 63
441 322 207
143 370 148
829 179 285
678 397 72
304 88 18
331 70 33
41 367 144
949 285 90
283 88 125
136 291 176
777 133 383
658 127 105
872 317 384
712 169 315
876 274 91
60 9 33
413 104 246
735 315 83
754 255 109
19 235 229
139 75 319
758 74 311
1004 137 223
6 379 218
299 314 139
345 130 225
195 258 127
928 244 27
194 147 166
129 211 364
696 7 110
93 318 284
244 289 56
82 304 85
325 135 81
603 175 287
695 184 385
474 399 107
309 341 104
48 68 49
355 265 52
211 29 297
519 389 319
443 204 19
456 262 230
628 373 262
793 47 338
801 148 392
