158 29
98 90
67 102
157 10
36 172
57 106
154 105
56 170
56 24
82 50
137 15
148 9
169 62
171 106
85 56
2 39
123 108
178 154
140 180
129 67
109 122
65 156
13 89
56 59
162 152
56 85
120 69
45 41
187 104
61 127
14 27
56 118
75 139
87 20
138 18
19 6
190 119
24 136
109 35
31 53
55 32
X
118 140
55 139
147 9
195 97
X
153 52
102 60
29 160
109 99
191 56
53 127
193 195
140 181
19 60
87 120
78 37
143 31
X
124 78
45 108
183 177
11 177
71 39
151 134
70 102
126 39
147 118
41 27
28 141
127 171
75 150
59 1
174 156
148 133
X
141 89
87 157
196 95
114 166
154 144
54 164
60 158
69 40
148 168
67 131
32 5
178 172
184 37
177 130
60 1
16 89
61 1
53 27
108 88
33 153
22 5
28 79
110 111
185 75
124 108
11 91
157 192
95 23
97 80
151 7
192 82
92 89
186 68
140 153
24 78
27 116
159 167
44 82
21 155
10 11
195 115
75 157
124 179
91 177
145 32
109 121
197 59
41 40
69 60
169 142
105 189
67 114
168 63
106 14
62 1
59 129
75 174
X
130 181
4 130
172 160
64 144
128 23
66 31
47 120
55 168
74 82
7 104
154 136
54 173
56 137
38 175
136 91
10 147
29 109
143 145
105 181
53 18
121 80
172 6
173 12
94 31
25 185
170 72
169 196
46 44
104 107
66 5
48 10
7 146
180 54
104 39
132 127
69 5
119 58
184 191
4 41
88 154
134 99
81 77
87 7
169 139
41 83
37 74
178 78
39 62
93 62
X
94 32
165 178
175 160
197 182
179 30
67 180
146 148
148 68
161 32
189 68
25 191
168 102
137 177
56 139
63 115
112 131
162 93
171 33
43 183
X
63 172
28 13
61 147
191 21
33 88
49 17
152 20
4 21
68 46
77 59
23 32
16 68
156 156
132 103
20 119
89 155
91 3
32 91
53 23
62 8
100 16
143 65
188 8
190 65
X
178 101
33 6
33 195
193 146
172 33
46 36
110 39
155 10
195 119
63 1
100 111
162 38
63 159
177 20
143 82
87 167
40 69
104 147
161 85
145 19
24 165
191 177
113 179
80 13
17 167
107 85
X
115 86
70 3
64 1
90 177
106 32
102 100
186 104
74 101
64 8
48 104
179 76
44 95
X
110 140
22 17
195 60
148 54
156 144
161 8
59 83
67 46
6 49
88 29
125 80
195 145
111 101
137 98
158 129
141 57
49 168
106 192
136 71
181 83
87 146
90 148
35 75
46 66
152 133
65 31
157 68
120 132
151 29
78 80
181 95
109 130
104 173
161 13
57 76
186 90
49 89
X
50 55
75 138
114 91
52 191
72 189
78 38
128 98
86 121
13 191
101 5
124 74
186 105
158 139
53 141
100 193
61 13
174 77
191 52
X
188 68
3 21
194 179
31 54
81 142
142 105
34 144
14 119
90 147
31 160
68 36
91 129
X
133 150
17 174
30 33
97 190
74 89
167 100
128 192
178 72
112 189
188 114
116 178
X
182 109
172 26
123 162
134 72
188 167
37 169
136 148
96 79
101 27
133 144
X
66 76
106 19
127 122
72 6
46 106
148 160
160 31
45 7
56 7
97 50
53 78
24 127
79 177
118 162
84 140
191 58
139 99
54 151
55 77
143 81
169 18
157 135
70 76
98 31
161 96
55 180
132 170
120 140
146 106
63 168
30 186
138 152
119 151
123 151
191 48
123 110
2 191
165 197
67 171
13 72
51 47
39 128
63 147
136 72
18 175
86 154
44 166
29 187
88 189
166 101
X
142 14
138 89
191 60
X
124 56
53 30
70 16
140 45
X
98 54
X
99 111
168 28
X
143 144
X
28 15
90 167
19 188
169 32
160 78
72 162
130 45
114 84
X
16 24
170 179
124 86
170 133
121 187
193 21
22 34
170 192
52 167
119 154
181 72
X
128 68
137 22
193 144
177 142
169 28
31 170
21 63
148 75
89 57
170 146
192 181
171 53
99 158
123 10
173 160
28 16
96 14
114 80
2 21
8 30
178 69
51 171
90 193
12 108
194 86
122 25
76 45
194 79
25 141
188 157
197 58
165 155
188 89
195 57
75 119
190 75
129 162
102 172
12 38
145 59
25 78
22 141
177 168
37 51
78 98
139 76
175 76
105 164
83 161
24 124
73 93
37 77
156 68
143 53
148 93
136 127
17 188
23 83
17 5
148 95
124 45
X
133 111
158 56
11 11
175 97
X
20 21
181 90
39 39
31 108
14 80
28 80
169 135
105 58
117 95
68 119
142 33
192 172
167 26
142 83
132 129
14 67
174 53
126 35
33 154
173 197
118 67
56 78
88 158
13 24
140 156
23 21
162 174
93 65
12 11
57 32
165 194
X
155 70
73 128
86 113
131 153
146 122
X
182 25
28 42
101 60
43 74
84 142
143 123
171 18
192 115
103 153
167 194
126 31
154 57
65 19
4 123
103 64
196 183
193 19
X
58 58
14 118
136 177
159 95
186 103
117 186
35 184
189 39
105 36
79 159
93 113
56 169
169 74
125 71
63 3
43 50
149 90
76 105
34 123
6 185
101 193
69 132
51 140
74 65
21 154
127 87
118 70
147 37
170 143
74 56
X
168 65
143 96
151 37
34 145
128 100
43 166
66 176
20 102
107 84
X
160 9
77 151
33 162
51 51
65 1
85 57
134 110
21 28
18 191
150 161
178 170
31 116
124 99
X
57 77
138 154
96 63
22 28
27 76
139 100
16 70
47 51
63 31
25 46
42 166
128 35
49 40
168 46
109 147
28 28
97 81
5 75
67 139
51 173
51 80
1 162
55 76
X
93 24
167 91
X
130 154
27 95
172 162
172 188
167 195
138 16
52 84
91 156
192 142
118 91
138 105
137 138
127 97
78 151
72 135
74 27
75 63
170 135
76 91
X
144 188
66 1
140 91
190 78
85 32
187 169
67 172
11 77
16 104
52 14
68 177
54 55
47 110
34 195
195 142
27 139
179 53
36 145
75 122
101 195
187 172
170 65
91 193
28 72
175 139
62 163
130 23
34 54
72 66
136 150
163 152
48 154
16 177
171 76
33 125
40 112
89 112
35 144
47 55
45 67
18 165
45 110
141 70
13 15
23 63
34 152
163 106
139 82
8 168
79 31
55 54
146 146
167 188
61 129
X
106 63
176 92
103 152
27 84
184 143
88 59
X
76 49
141 91
122 144
135 70
184 137
120 9
145 67
77 107
188 176
160 11
X
176 81
193 93
15 69
182 190
15 106
172 178
96 100
144 191
24 79
118 92
70 8
111 190
188 92
135 120
61 93
55 41
191 37
32 155
147 64
98 165
46 70
39 65
146 120
79 27
136 103
65 117
X
134 104
137 104
87 27
75 67
117 162
191 179
4 91
81 45
159 155
132 192
23 86
113 139
113 24
27 51
128 45
83 82
26 139
129 159
67 161
150 116
57 74
49 166
195 179
87 99
120 161
125 27
166 161
176 168
15 108
119 193
X
143 146
59 162
94 133
88 113
193 189
152 82
94 79
143 184
36 103
104 61
21 100
14 108
47 50
57 179
1 22
63 163
4 152
125 121
127 100
6 22
181 184
52 164
39 16
24 65
55 188
12 139
35 153
53 120
136 144
139 74
194 30
175 109
179 109
87 35
41 196
8 118
13 90
88 145
9 99
134 39
24 181
176 80
107 187
189 12
145 131
19 156
12 132
124 170
127 84
65 177
30 148
125 123
116 49
150 181
194 88
192 158
179 51
107 120
124 132
155 82
9 154
179 54
105 186
125 35
192 12
58 83
183 104
60 163
74 32
51 135
144 148
147 75
161 38
183 180
188 39
X
157 101
23 15
192 90
56 152
33 50
36 146
100 148
184 38
142 36
104 33
45 39
140 155
136 89
160 192
53 150
3 163
155 193
157 153
7 154
113 8
149 68
86 56
86 191
84 105
175 82
11 76
X
66 182
80 27
68 114
67 138
108 123
177 58
162 155
89 147
191 166
X
125 79
23 36
60 83
139 156
74 1
162 154
84 98
31 91
133 115
29 190
144 143
68 57
174 30
75 80
193 113
40 86
104 111
86 194
116 177
98 50
72 185
79 137
65 168
50 127
67 136
160 50
140 15
76 176
171 8
125 113
55 55
13 56
63 192
153 181
102 71
82 72
107 72
16 51
17 51
125 120
100 154
36 174
26 12
187 18
89 10
37 147
51 35
118 163
179 154
90 180
7 111
152 18
76 5
42 121
112 32
78 56
8 46
167 6
124 71
88 56
146 150
177 196
15 115
187 154
19 119
43 133
77 109
51 146
195 128
5 27
163 78
146 56
97 189
142 37
165 116
98 174
127 119
121 133
11 13
182 50
8 120
55 150
105 182
192 30
56 70
106 48
53 85
141 72
41 95
160 19
57 187
2 176
160 190
169 19
7 173
70 56
86 68
78 58
27 87
121 121
138 183
23 40
66 179
23 165
129 51
144 183
47 49
83 48
50 114
93 183
171 119
122 74
62 61
115 27
106 61
3 176
89 56
23 17
64 75
131 110
125 100
29 161
157 5
50 18
75 1
72 139
125 47
139 83
106 55
94 189
111 73
154 180
X
78 48
31 28
130 28
161 18
71 189
33 186
59 155
90 194
70 75
171 191
130 69
87 82
179 184
103 111
93 82
78 47
X
86 124
77 56
177 76
176 59
29 121
151 171
X
136 112
130 188
41 44
161 124
X
3 182
98 67
56 195
56 165
136 18
X
141 123
153 171
157 143
92 40
76 1
97 52
84 138
61 4
150 95
101 12
94 91
71 191
86 27
42 65
86 81
171 21
88 7
X
61 177
46 43
169 194
52 187
44 47
85 30
123 176
92 197
X
174 28
188 76
193 97
122 145
51 187
167 181
79 4
171 123
23 9
79 119
181 27
168 119
194 146
32 31
42 15
132 163
19 8
69 102
172 176
99 99
118 68
111 168
65 72
82 86
24 28
112 140
122 14
28 41
67 169
54 179
61 5
8 153
20 153
47 47
191 172
120 158
114 90
32 94
131 65
130 31
51 50
188 14
X
126 49
73 163
189 106
151 18
172 31
177 70
40 116
75 66
156 155
63 177
127 175
67 135
77 189
190 66
59 3
62 3
141 82
163 172
79 1
182 92
144 64
104 38
176 132
38 182
152 16
28 150
179 16
170 60
4 162
5 117
55 163
66 3
181 109
103 51
84 101
180 91
52 124
98 148
117 10
156 123
177 94
39 116
88 120
107 35
98 53
7 88
8 52
160 21
126 99
169 119
120 10
27 97
154 102
112 179
101 17
1 161
121 10
152 91
111 140
178 4
10 14
97 63
31 33
X
78 51
2 131
21 24
13 93
18 133
97 54
178 76
34 148
22 135
174 160
23 166
21 153
8 123
70 126
112 175
7 27
175 11
96 156
55 40
97 110
188 11
62 6
26 184
78 126
43 77
71 92
3 172
110 161
119 163
48 110
X
84 143
159 94
167 161
42 179
183 107
176 194
136 108
168 61
191 4
110 189
86 114
5 171
140 9
111 179
106 77
172 52
135 144
38 66
123 23
125 12
75 134
81 59
38 30
176 16
39 44
102 147
177 139
44 49
60 127
5 60
121 186
81 1
179 27
109 167
81 56
190 116
91 180
27 85
7 110
118 80
48 158
X
182 183
66 77
27 74
5 121
23 7
13 11
75 65
108 121
174 76
69 171
51 78
52 78
29 47
27 138
110 157
54 78
150 158
41 49
22 63
123 56
137 96
193 90
143 189
120 11
24 116
X
114 28
X
84 99
116 53
52 163
57 58
61 181
179 81
162 121
22 138
92 175
93 80
12 15
81 49
137 70
108 161
84 21
56 187
158 5
23 35
150 171
143 67
171 9
6 10
130 29
161 195
70 163
103 160
X
131 42
125 147
183 31
109 187
30 195
120 151
77 145
18 74
159 133
159 194
74 87
192 11
62 159
63 160
127 13
88 94
173 26
70 194
175 94
148 53
70 44
X
98 91
11 166
48 7
94 42
25 129
116 12
190 50
25 139
20 5
180 180
14 72
158 155
162 86
151 136
125 77
41 146
122 80
44 165
193 18
33 155
176 19
113 138
123 173
127 124
141 74
151 170
177 27
88 101
58 134
38 49
58 138
6 98
76 161
47 104
163 107
59 163
29 98
103 47
38 69
87 68
53 44
189 73
120 123
191 194
109 118
146 105
142 29
X
73 166
171 41
194 178
124 110
195 117
149 31
178 169
176 62
138 173
17 55
167 61
28 50
182 179
52 158
171 183
109 190
19 62
164 155
181 190
104 182
43 137
34 105
46 108
73 67
71 136
121 129
56 163
108 127
157 136
137 114
122 60
150 88
133 130
39 87
194 119
92 62
76 96
178 27
39 19
73 192
4 147
64 74
16 91
3 179
165 91
71 3
162 169
159 101
112 186
119 28
57 140
171 120
147 20
X
98 19
29 94
162 40
54 109
106 50
187 92
176 109
156 105
139 173
164 118
29 5
117 7
45 106
34 110
102 72
31 5
X
17 8
120 13
68 56
23 134
195 113
43 112
70 17
64 15
130 182
X
26 141
182 104
110 73
141 93
187 158
53 88
148 52
165 74
10 111
195 32
4 71
61 94
83 86
50 40
69 49
122 15
X
124 47
130 62
186 67
189 22
155 192
175 168
42 181
10 132
189 76
165 88
111 113
16 103
80 125
123 104
X
23 68
48 47
132 100
23 183
189 79
101 176
183 49
155 53
X
71 88
148 56
75 3
120 148
X
176 82
75 105
158 127
34 188
71 132
193 127
138 181
124 60
139 176
38 169
12 67
21 151
27 168
121 40
126 48
158 61
127 9
195 183
23 16
125 57
170 28
31 127
51 124
X
84 81
112 187
26 16
38 115
19 151
135 122
175 92
104 108
92 93
120 146
28 81
76 87
77 187
96 54
31 109
29 138
45 105
111 110
34 73
162 120
148 90
75 29
83 49
166 152
41 123
160 18
191 90
87 147
60 8
76 162
51 141
49 5
110 122
135 10
X
189 65
94 43
127 39
10 6
18 119
102 152
152 39
144 181
89 33
138 72
164 86
44 180
131 114
73 88
X
120 193
31 51
138 103
36 107
105 162
168 120
X
X
162 74
147 89
92 139
20 121
152 137
33 51
18 73
91 131
70 48
166 56
124 80
180 124
26 114
26 170
88 149
155 191
65 118
94 64
151 9
148 170
131 165
190 178
135 140
122 108
42 40
X
161 133
87 3
13 38
16 137
176 97
24 25
143 95
181 92
191 78
74 98
175 172
169 51
37 87
161 95
170 51
42 128
26 191
87 149
104 35
99 8
150 160
69 70
164 169
103 123
48 52
14 131
94 193
85 19
164 115
97 19
126 68
175 9
161 106
187 65
67 160
137 75
67 155
77 27
141 173
63 45
34 107
70 45
53 15
41 157
63 95
52 144
122 104
66 17
5 149
88 102
26 193
21 34
155 42
4 43
102 8
42 50
185 138
135 103
139 96
139 45
160 106
100 15
100 165
72 57
X
173 139
176 17
157 71
38 87
113 27
116 28
104 32
106 73
33 163
125 84
153 170
80 46
166 174
141 143
4 154
177 102
42 136
158 41
180 50
17 80
83 1
178 133
14 93
116 163
26 117
172 18
53 187
173 47
157 120
143 148
126 27
125 11
92 196
136 167
16 69
65 169
187 139
142 183
90 169
74 93
33 123
159 127
29 107
X
145 145
115 24
156 8
29 33
127 183
180 191
88 114
114 86
118 144
141 71
41 29
186 172
65 14
148 171
95 14
134 132
158 120
191 130
82 88
93 84
188 66
124 67
57 35
90 52
51 22
169 76
141 194
144 194
62 182
21 104
80 39
161 189
87 164
103 164
195 56
63 171
151 176
90 10
166 60
125 58
121 152
32 49
120 129
106 39
122 129
128 183
103 99
16 92
139 162
113 10
114 10
126 179
52 147
52 127
8 77
77 188
180 35
75 161
109 98
96 165
158 153
13 12
167 135
28 134
47 54
52 77
24 120
157 145
74 96
78 106
147 148
X
92 69
11 149
61 176
142 94
157 144
25 83
121 143
126 3
24 20
176 158
40 115
41 74
32 123
23 24
111 187
181 69
65 6
84 73
41 181
10 84
23 60
25 44
104 162
68 182
70 60
156 72
190 166
141 75
97 98
71 37
165 117
169 181
37 138
105 160
46 119
145 20
32 192
104 174
X
12 102
164 173
14 55
X
52 154
134 171
154 133
57 191
191 160
165 87
28 52
20 166
125 60
70 6
111 122
144 102
46 40
142 38
156 180
60 84
82 44
191 57
105 180
171 28
45 123
137 121
92 133
141 177
X
4 95
146 53
160 60
109 171
40 15
55 119
173 62
126 131
X
76 180
51 33
148 77
126 46
23 195
24 191
107 179
92 184
152 92
179 77
38 29
164 159
6 48
38 196
114 167
110 112
183 124
139 104
155 3
98 113
175 154
63 188
139 102
112 150
169 49
148 102
125 133
54 36
158 42
173 143
27 114
46 39
52 114
72 64
31 87
X
21 9
27 53
3 141
126 125
75 109
22 9
180 119
X
92 109
8 150
66 72
52 176
28 26
188 100
52 75
X
36 169
114 6
37 73
8 71
139 103
110 32
112 39
1 176
41 194
126 37
55 155
49 189
188 88
66 12
15 48
39 146
127 88
137 77
87 162
68 172
45 136
66 74
166 172
47 48
78 127
6 130
130 64
X
134 56
152 31
5 186
34 18
77 12
4 165
192 171
107 123
X
27 49
X
32 187
76 46
X
125 86
72 146
51 41
92 51
144 123
2 130
94 190
179 48
98 92
74 34
54 110
181 124
36 175
75 108
55 47
187 167
99 12
159 130
35 147
X
89 173
88 125
133 42
95 159
118 47
7 16
74 185
30 66
73 139
177 138
48 171
121 142
69 56
85 99
6 184
92 112
4 93
122 28
8 60
96 85
176 117
133 103
1 43
99 113
110 138
56 134
178 157
173 21
117 38
161 110
152 28
98 176
X
6 123
21 147
143 36
63 116
21 67
X
169 191
95 69
127 170
67 33
6 174
81 32
161 169
14 117
6 186
117 144
107 121
119 37
143 40
189 21
110 14
175 108
93 91
110 188
105 179
85 73
121 78
90 182
149 18
29 139
100 12
67 132
88 9
168 121
117 24
148 132
134 24
107 39
128 85
X
39 142
18 123
14 128
79 16
24 139
91 184
74 97
126 129
144 184
86 170
173 53
60 88
52 126
64 76
45 86
133 146
X
192 189
113 9
56 110
12 149
182 3
174 146
52 120
83 71
55 195
162 19
173 145
7 87
24 138
173 18
53 84
143 57
67 37
81 48
X
143 43
X
191 193
X
77 55
38 147
103 141
141 146
30 32
141 144
42 7
20 152
34 33
57 193
48 166
125 37
166 4
44 74
9 4
53 182
42 67
40 173
37 89
160 174
87 1
176 134
144 150
195 127
11 151
62 175
93 83
149 78
119 191
54 14
56 79
115 51
83 70
75 86
180 190
188 156
99 149
9 100
189 130
83 138
X
172 179
103 92
89 1
157 9
X
15 77
36 77
55 15
42 82
169 189
71 106
92 107
64 72
141 40
124 85
190 172
192 38
54 3
141 95
144 182
105 68
56 36
127 91
52 150
154 95
66 181
107 88
52 157
61 179
64 71
79 136
26 118
159 42
31 147
67 168
20 104
130 163
192 182
136 119
190 195
160 52
152 17
164 82
176 91
35 54
128 99
196 93
151 180
77 15
89 7
27 96
163 74
X
126 172
65 103
100 92
40 144
134 138
175 103
115 49
25 147
30 121
147 94
177 78
55 113
145 188
100 7
159 36
94 69
74 83
37 56
96 166
44 115
33 66
68 176
118 41
54 102
165 115
4 121
7 46
63 145
40 162
102 7
77 51
69 168
84 102
90 1
108 39
156 15
54 44
98 193
105 98
26 119
194 144
160 14
148 162
19 191
13 131
X
43 62
141 197
107 60
8 74
22 16
42 86
157 72
143 119
57 118
66 49
7 48
195 129
157 124
30 94
141 164
170 26
17 122
154 134
8 88
60 3
96 30
175 7
91 1
81 129
155 86
111 175
65 106
74 126
77 157
144 59
95 53
134 54
X
194 82
99 164
109 73
137 16
75 6
24 117
91 130
137 95
145 143
8 149
29 146
53 36
9 168
34 138
82 74
14 115
126 176
84 74
78 145
135 22
16 55
140 12
134 38
122 86
112 132
55 182
130 27
168 60
8 58
144 57
34 64
35 108
70 120
197 180
171 12
33 181
49 8
126 1
117 6
53 102
95 51
11 37
71 146
61 162
178 131
79 125
20 32
188 73
146 114
X
53 54
77 49
126 121
191 19
152 88
11 93
19 169
135 173
69 74
166 88
145 33
185 77
118 95
179 59
54 171
155 84
32 17
178 122
173 46
39 15
159 54
84 29
36 148
55 78
105 39
6 13
136 146
119 50
80 32
73 152
188 67
109 84
71 91
137 152
X
172 50
171 48
78 105
118 86
31 154
51 55
29 116
143 83
3 133
180 30
77 57
161 86
105 101
179 35
51 163
191 170
166 104
193 142
6 141
12 141
23 12
31 50
183 39
127 10
88 32
129 91
145 29
14 130
17 43
125 170
88 54
145 115
96 159
189 167
150 115
73 191
53 86
176 106
28 40
16 53
34 146
82 49
72 190
158 135
X
48 5
23 194
5 119
133 58
158 20
118 105
160 29
174 155
180 155
156 57
70 165
109 113
106 142
144 105
169 20
23 65
13 76
66 168
X
171 20
29 76
135 175
52 171
193 178
12 107
129 156
65 8
64 3
191 46
31 55
178 32
121 76
6 139
158 10
135 176
133 40
123 90
151 28
33 161
136 129
98 30
54 139
66 178
17 77
130 156
35 77
190 41
145 52
52 70
X
X
29 32
52 18
152 184
17 166
7 123
93 192
178 158
143 147
135 130
39 144
107 15
106 18
55 144
193 116
174 52
186 138
68 102
188 78
45 134
94 129
60 62
28 74
27 40
X
X
121 184
166 87
128 47
81 143
136 141
119 27
4 26
192 14
122 126
169 146
109 132
154 142
111 132
160 49
5 29
2 25
127 35
151 21
74 59
23 141
186 141
21 156
123 31
189 174
167 86
150 90
155 101
123 91
145 116
129 1
57 120
15 188
148 18
71 138
5 62
110 59
32 87
115 52
175 169
116 80
142 31
X
28 47
63 156
65 49
130 1
163 109
192 177
172 138
7 174
64 177
180 48
X
56 171
160 13
16 73
74 30
11 88
155 1
107 182
13 190
97 84
94 81
56 75
34 186
89 170
31 103
29 141
93 67
64 163
52 103
50 47
X
71 148
141 195
84 103
52 90
117 8
79 60
62 143
66 35
123 175
98 134
19 19
125 176
175 104
49 42
32 19
X
38 40
5 190
125 91
77 119
91 157
17 168
15 26
152 171
14 38
X
6 30
121 74
112 133
52 136
127 8
31 26
100 176
52 80
147 182
125 38
149 169
179 82
175 164
180 158
166 167
162 41
26 123
160 130
175 130
96 33
78 108
42 19
16 154
X
129 48
98 100
169 48
136 16
110 177
192 35
11 128
16 72
29 136
68 192
86 195
67 163
38 128
39 145
60 61
108 73
X
99 88
191 89
32 51
27 81
32 160
194 118
182 93
160 33
168 52
123 160
105 144
10 154
45 104
62 180
113 101
148 55
40 36
150 75
75 135
107 180
53 14
154 90
138 9
175 197
81 60
24 121
50 157
5 58
40 62
74 31
X
145 118
112 122
43 162
174 26
157 1
179 186
62 58
X
71 102
33 184
94 62
X
70 50
49 16
82 73
13 88
172 49
141 196
170 41
112 36
30 75
193 60
108 19
68 181
71 152
80 14
151 40
29 186
63 35
162 36
88 69
81 30
143 197
56 106
168 161
105 64
135 139
38 37
134 101
51 74
44 162
96 69
157 8
97 83
152 22
7 26
148 143
21 102
88 97
144 180
5 172
38 62
27 119
183 185
66 172
19 165
185 143
153 30
75 133
114 89
79 121
160 62
45 65
177 109
170 31
18 125
170 48
8 72
X
174 27
28 76
69 115
43 126
159 8
56 68
180 192
51 23
85 33
134 20
49 193
93 129
183 106
85 143
160 8
X
122 132
55 53
80 54
27 123
145 68
84 96
75 106
26 78
34 17
27 170
195 143
41 31
117 93
42 17
81 3
76 32
9 50
66 6
148 114
141 184
64 190
29 28
6 137
60 87
168 56
56 73
87 163
130 180
176 172
70 166
135 138
86 108
100 166
X
170 134
148 144
54 147
14 24
181 181
188 106
32 98
13 192
74 131
52 170
104 158
64 94
172 146
18 156
109 131
54 163
112 111
48 165
76 28
92 190
137 176
123 113
142 145
186 88
162 124
101 28
17 137
103 142
183 190
125 36
8 100
X
126 14
189 157
123 107
30 91
13 46
13 51
X
176 20
51 144
109 100
89 109
149 166
30 108
52 155
84 86
90 184
23 167
5 103
186 73
193 114
91 25
76 27
135 100
125 10
165 177
174 8
166 103
91 24
X
7 112
153 86
89 176
121 43
190 115
31 56
124 113
63 130
157 191
136 132
10 89
61 146
11 89
147 143
181 179
55 120
119 70
85 93
36 56
25 53
154 72
66 114
69 6
X
161 93
94 195
83 141
138 122
102 131
141 10
71 150
190 77
68 178
38 44
X
76 33
109 163
49 106
51 176
183 181
183 123
76 47
28 136
X
178 124
186 65
50 195
137 144
56 58
8 15
X
148 103
93 140
128 4
11 69
187 160
162 130
121 13
8 110
151 39
148 59
67 34
97 157
76 189
93 121
150 21
4 151
72 91
22 83
108 34
112 110
100 133
88 168
40 170
64 180
35 31
91 62
55 18
147 67
108 170
26 79
40 74
76 83
X
4 148
165 89
X
8 75
110 15
55 52
11 68
106 62
170 21
155 4
5 139
111 130
111 134
81 125
8 112
146 130
84 84
111 75
71 60
48 55
51 36
17 7
17 191
141 162
X
79 32
48 164
154 91
119 145
4 163
4 94
196 60
X
122 29
29 137
150 19
126 124
29 105
46 85
188 10
125 23
X
X
176 141
143 191
50 190
X
35 181
18 177
77 100
157 60
165 4
144 197
16 174
16 71
41 84
109 31
63 162
14 74
69 71
83 162
18 169
X
51 14
166 134
31 7
108 125
179 122
109 157
44 137
71 194
155 195
144 120
X
83 3
9 2
140 89
150 6
91 40
131 115
16 27
147 22
67 177
50 192
153 31
64 143
190 118
44 75
8 102
67 49
56 83
159 31
81 89
170 123
129 90
180 72
60 58
97 111
73 125
180 157
158 19
168 133
49 7
78 83
172 12
86 193
44 135
53 7
52 135
34 109
192 31
86 84
15 76
X
158 121
42 48
55 7
72 166
126 174
182 4
27 127
134 148
141 92
158 49
83 163
152 182
132 161
141 161
189 35
70 70
101 61
110 98
59 7
135 24
3 95
121 120
36 110
38 36
X
66 7
25 49
92 174
X
139 164
66 20
132 128
52 125
112 113
53 171
54 108
192 174
131 57
67 20
191 192
86 125
32 193
52 36
192 41
6 102
7 168
138 162
38 192
16 119
169 183
98 159
34 56
179 72
27 42
33 127
38 56
48 163
195 116
43 158
X
84 20
X
50 164
64 49
159 156
183 50
121 38
X
158 60
132 109
159 139
15 133
149 164
86 105
95 99
X
4 120
192 159
53 192
99 110
157 138
130 179
166 91
148 104
121 192
143 33
49 88
81 54
160 121
172 40
81 128
132 38
25 41
189 104
6 52
175 102
163 75
70 72
10 2
130 52
37 175
153 54
50 30
80 36
148 146
22 87
172 108
120 126
33 91
159 173
45 156
28 128
33 17
169 38
137 20
59 128
179 58
138 156
138 112
192 145
98 52
178 5
42 158
53 87
132 169
173 190
164 154
128 188
6 62
132 63
142 45
195 4
119 195
53 139
127 23
132 110
161 168
42 39
53 138
11 2
181 71
143 42
96 164
23 6
180 36
159 105
77 46
61 15
153 29
161 174
104 152
46 37
55 35
176 138
69 72
187 143
160 137
153 82
12 153
141 9
94 40
20 124
133 141
183 48
80 12
27 171
26 181
145 134
34 181
147 134
13 54
192 144
5 30
124 13
42 124
X
29 108
78 122
140 72
123 171
179 17
83 74
146 144
43 94
74 161
86 197
31 120
44 94
23 184
20 187
131 41
103 50
142 181
39 91
43 128
19 5
105 60
139 184
123 86
90 105
44 44
44 181
75 98
49 18
164 160
34 27
102 176
190 101
132 131
160 54
141 56
122 111
166 153
109 15
182 52
96 64
160 127
188 165
38 144
190 168
157 137
158 13
160 56
39 173
10 128
120 108
155 194
158 194
55 21
43 135
128 52
91 155
12 90
176 118
194 32
185 91
16 90
64 45
38 183
74 128
12 36
128 179
22 32
52 79
168 176
130 3
73 189
120 121
125 97
180 81
68 120
174 10
27 173
150 9
149 93
105 159
152 21
178 92
57 107
49 14
124 149
76 157
29 41
81 140
51 34
140 184
89 58
108 157
72 152
170 182
158 107
1 93
158 15
83 73
64 192
152 57
154 101
19 61
177 141
55 36
92 41
127 85
74 159
143 58
65 77
10 113
55 117
8 76
166 135
17 47
96 19
24 183
108 110
121 77
42 66
21 150
116 176
81 33
7 73
X
X
163 96
112 190
193 22
55 136
13 27
162 78
120 120
34 125
179 61
108 36
29 119
14 116
138 95
X
111 99
146 18
98 33
78 119
103 88
187 21
42 75
118 83
146 76
78 29
164 168
128 189
121 126
78 150
154 92
103 163
7 11
X
91 118
3 173
10 87
100 19
49 44
55 187
103 112
94 194
67 158
30 87
62 62
107 70
87 81
12 2
103 151
64 96
161 170
96 81
29 188
181 120
155 9
109 19
174 138
178 62
28 147
55 104
16 80
12 179
139 70
54 50
43 48
40 37
53 180
85 157
172 110
X
139 101
96 50
X
132 132
157 3
X
35 139
38 55
62 31
178 60
124 183
52 88
28 46
X
71 139
97 156
14 57
110 132
110 139
113 175
16 152
30 26
7 98
192 178
70 57
49 191
133 126
64 159
142 102
76 37
173 196
93 123
11 92
160 53
132 99
133 149
41 147
148 165
61 128
X
X
69 46
172 53
183 102
14 193
148 181
70 46
32 170
81 141
121 39
182 177
X
40 172
170 74
66 177
13 178
90 42
6 24
78 107
107 189
83 46
106 127
152 183
194 50
34 124
158 3
8 59
179 69
57 139
194 115
X
80 16
49 54
X
192 156
3 137
31 119
193 192
65 11
154 176
126 183
95 138
93 109
27 137
147 93
57 79
53 47
21 8
86 196
9 131
72 126
45 62
128 180
93 119
125 145
36 185
17 156
104 59
170 18
179 31
54 24
103 28
114 85
31 94
85 81
15 42
65 104
84 104
172 163
28 149
25 40
185 167
32 8
120 43
117 89
77 16
83 45
12 150
154 94
107 68
106 74
17 125
175 134
X
135 11
13 44
178 117
179 19
183 184
143 190
136 74
140 183
193 175
179 18
171 139
151 181
43 40
167 3
118 24
165 169
75 131
19 103
160 135
45 44
13 10
194 56
55 114
99 100
141 145
16 46
51 40
193 188
62 127
161 116
45 137
30 105
68 175
54 136
21 84
30 194
10 26
158 137
189 78
21 17
139 154
X
187 171
42 5
63 129
150 117
41 2
170 76
49 158
116 51
143 188
41 112
107 124
120 67
68 121
173 188
68 59
165 172
66 75
46 83
191 129
194 87
83 143
X
13 133
9 102
113 6
132 165
30 29
100 175
79 36
52 102
19 125
79 46
74 188
190 51
113 140
14 39
77 83
149 75
65 171
143 59
29 114
42 119
76 174
111 171
107 58
195 3
124 46
158 39
64 155
34 77
16 179
25 134
170 39
191 174
188 91
100 167
189 142
79 12
87 19
61 175
6 153
67 134
136 170
137 89
134 42
192 86
159 96
51 137
53 154
10 110
24 47
92 137
49 155
50 151
193 186
24 12
65 180
56 60
22 140
X
33 95
10 51
41 86
159 33
152 54
170 176
147 191
78 60
79 39
187 142
81 90
188 40
135 77
156 179
18 121
158 105
23 61
109 13
177 26
115 6
28 43
143 195
120 147
18 116
169 53
189 195
69 93
53 5
88 167
90 43
99 17
124 98
16 178
128 63
123 106
X
144 106
129 45
15 176
74 99
156 191
X
1 91
131 159
97 15
5 130
42 96
13 179
124 89
34 187
54 5
102 69
101 130
1 24
93 194
22 152
28 168
57 78
193 20
129 49
138 19
76 88
101 108
151 41
87 197
78 149
29 120
192 29
142 30
71 40
91 173
91 64
55 100
126 97
X
53 113
168 75
155 180
128 50
20 167
165 179
126 13
72 187
X
118 37
25 52
3 186
31 107
28 116
152 164
174 164
62 35
165 6
28 98
131 40
41 116
44 116
86 168
8 154
122 151
155 68
178 30
22 18
159 40
85 84
116 8
108 160
186 167
85 101
121 144
31 149
138 119
115 53
3 178
177 154
146 119
147 170
169 176
73 65
118 90
158 62
74 67
82 46
53 21
74 60
183 196
49 150
36 18
166 6
146 21
X
55 173
118 191
127 67
130 159
71 131
73 86
167 180
171 72
120 195
147 91
171 26
28 114
102 24
93 79
153 93
X
63 50
182 124
193 117
179 108
13 36
157 193
13 55
85 27
84 136
190 79
5 100
54 125
162 12
28 94
179 183
71 75
10 140
45 2
57 89
76 92
140 162
69 89
32 186
134 73
43 66
104 92
186 154
41 179
41 47
160 10
78 161
X
176 18
176 197
15 192
149 8
41 155
1 39
117 27
100 131
170 183
154 135
26 87
49 30
45 9
100 164
192 18
86 104
X
X
88 104
5 25
156 154
6 25
93 64
13 132
X
25 42
125 183
124 124
103 150
74 33
79 127
14 53
192 10
X
115 47
124 121
44 113
72 186
14 44
31 52
11 168
16 44
65 102
179 70
142 197
90 53
11 4
41 4
78 14
90 54
142 180
68 117
9 6
65 35
136 171
132 188
10 28
53 190
86 35
56 153
53 4
51 44
115 167
25 181
193 129
176 58
118 81
5 193
84 19
125 39
178 81
80 56
55 16
56 155
89 193
63 176
122 26
168 123
121 149
83 68
188 160
91 89
160 133
170 106
160 120
123 26
150 169
104 91
103 159
122 162
184 195
162 192
106 143
26 80
12 73
55 171
83 84
46 2
129 165
124 69
140 152
114 179
75 160
6 131
139 9
86 72
50 51
13 77
69 131
139 41
X
193 115
133 56
194 48
149 66
28 27
X
92 120
58 62
94 90
78 16
78 174
28 12
193 96
89 149
154 56
121 59
108 74
28 139
193 46
48 106
86 28
38 181
120 37
147 95
174 32
56 86
99 19
117 11
194 52
62 145
40 164
146 77
171 19
177 60
145 64
6 71
102 19
91 4
193 187
175 162
192 60
13 73
83 136
87 158
X
159 93
38 124
124 129
151 16
133 112
32 103
173 146
183 35
137 14
87 34
141 14
123 172
95 25
41 96
127 4
75 163
130 189
93 85
140 160
99 195
157 14
188 120
46 68
88 123
68 20
98 173
175 8
172 39
173 65
104 68
87 33
42 125
191 188
3 185
42 183
162 96
35 185
97 107
172 28
63 182
47 119
88 121
45 82
64 172
188 117
106 182
189 172
181 196
150 31
171 178
147 54
96 12
138 11
63 15
45 6
76 160
42 77
34 192
162 194
24 81
49 192
165 181
4 139
41 17
31 190
32 108
100 134
86 192
142 106
107 13
50 88
163 82
171 11
175 131
193 118
5 141
188 41
160 20
132 115
122 112
31 155
161 127
46 104
32 194
70 162
86 29
61 188
168 26
53 104
56 67
107 77
104 133
170 91
109 59
13 45
76 107
72 93
183 178
190 102
161 138
127 113
122 109
147 171
124 109
20 190
147 158
88 105
13 188
189 8
34 184
22 137
142 59
117 39
37 137
24 134
X
103 161
178 121
46 67
120 191
106 15
74 125
167 46
29 148
67 40
75 83
X
151 169
158 36
86 17
84 89
183 136
122 12
187 141
169 188
192 22
108 55
132 171
180 156
18 186
50 75
53 6
30 170
140 83
89 154
187 168
185 73
145 17
94 132
66 4
154 49
65 115
190 73
103 106
149 89
55 175
91 23
42 41
173 6
90 123
185 76
149 162
42 120
137 149
187 159
161 42
194 97
67 137
142 40
52 30
76 90
175 6
70 19
63 180
34 136
112 142
56 192
189 120
75 185
177 81
74 4
126 182
100 28
8 73
17 152
159 174
113 99
177 140
69 86
28 125
104 89
141 41
9 128
164 4
113 141
57 21
149 88
10 146
192 9
139 152
179 102
145 54
187 102
194 95
64 145
133 38
4 118
86 119
42 62
33 192
95 33
62 59
149 30
23 151
38 51
4 76
160 15
103 126
71 103
148 21
52 115
54 47
X
71 72
96 66
17 26
X
28 14
155 57
185 74
196 96
11 67
23 182
48 156
138 164
12 175
31 97
169 101
13 142
146 191
189 77
169 140
149 28
47 123
47 2
147 40
11 36
83 4
108 32
14 129
115 175
168 40
66 40
68 168
97 167
76 86
28 171
167 177
138 110
160 110
20 36
196 30
148 134
7 60
153 28
67 116
7 52
87 145
137 141
33 31
163 118
13 135
68 45
16 156
59 156
41 36
98 68
42 36
X
X
119 26
8 84
145 102
91 110
88 169
X
55 179
97 108
98 108
39 31
X
79 179
113 98
156 61
169 102
34 49
175 194
98 147
142 104
X
47 10
147 166
122 123
145 130
82 141
63 143
108 187
4 132
84 137
68 191
52 24
136 123
X
173 33
87 18
62 95
182 90
162 123
168 48
X
182 138
55 24
51 174
4 164
156 10
120 39
113 100
172 65
159 124
193 78
51 32
74 150
X
16 116
95 54
172 27
X
138 92
4 192
50 79
76 31
23 192
4 184
167 4
150 164
33 54
57 33
33 29
42 43
136 77
30 74
120 149
188 175
74 189
103 176
124 70
181 101
142 184
44 43
93 138
63 169
151 93
123 105
66 13
131 111
81 47
161 137
63 128
X
49 84
13 102
14 141
95 24
100 24
167 179
116 47
70 93
4 73
X
103 143
134 19
160 36
50 78
24 123
80 29
190 67
88 170
184 27
182 118
86 141
63 179
100 151
77 180
25 121
105 56
112 176
85 35
102 88
79 75
69 121
108 38
29 104
56 168
31 115
133 192
77 14
X
138 75
110 31
X
110 147
17 133
38 63
65 16
146 147
126 109
X
23 185
142 123
33 185
88 10
70 40
100 13
141 122
151 90
124 133
133 128
165 174
164 172
90 189
76 48
178 109
119 104
54 158
91 107
62 60
45 157
77 186
28 124
93 107
143 64
160 63
126 24
127 176
X
117 53
49 3
73 60
138 121
104 37
189 141
57 87
X
192 180
103 25
93 184
120 184
35 152
33 56
46 65
152 53
99 108
88 147
77 122
39 70
176 143
8 62
5 178
168 87
X
35 56
53 115
107 181
137 101
50 74
179 62
139 174
110 77
7 113
71 128
129 65
168 134
31 153
33 182
26 194
125 148
100 91
117 25
148 131
63 93
172 38
X
163 155
60 86
94 191
9 132
162 153
18 118
123 133
43 98
5 184
111 167
102 6
140 173
171 192
98 14
118 167
51 54
44 62
161 77
6 51
174 29
27 94
36 75
168 181
145 40
171 181
104 49
39 171
181 30
89 123
162 39
117 80
40 161
X
187 137
40 27
57 182
X
34 143
38 42
165 82
146 143
153 49
35 105
18 188
145 22
174 31
53 3
193 82
163 94
141 120
106 59
7 25
111 76
152 19
77 39
96 68
49 47
20 33
119 140
99 28
119 186
191 10
84 95
191 126
52 69
8 146
23 26
112 101
30 146
126 51
112 34
150 118
134 113
126 47
56 120
191 87
90 183
X
49 194
48 2
189 115
90 146
121 104
49 163
85 141
123 174
132 98
71 74
55 3
152 95
59 158
27 98
183 192
157 146
191 165
13 43
107 192
139 16
160 139
56 3
50 77
177 83
157 69
137 155
148 6
X
145 114
56 88
28 148
13 52
53 188
93 131
38 127
52 168
108 84
124 91
101 111
166 168
45 36
190 68
192 170
139 177
124 176
86 7
5 192
164 56
176 95
X
12 176
56 167
67 105
93 23
15 72
28 174
146 118
124 145
X
78 180
150 28
67 133
39 41
78 100
127 174
106 144
137 146
116 144
46 123
131 55
5 182
149 6
104 132
120 133
4 75
62 15
168 91
46 41
105 190
124 23
166 171
106 60
25 127
98 107
110 176
155 144
56 164
43 82
88 35
104 175
41 166
15 191
83 72
160 107
155 39
99 130
35 155
X
89 35
85 82
146 123
94 92
114 12
X
35 20
156 49
159 57
104 31
147 189
5 154
18 5
71 38
84 75
90 192
70 59
131 52
6 138
170 110
18 115
96 167
66 11
130 50
67 182
169 141
113 11
84 76
106 38
179 60
172 41
108 59
26 165
63 47
69 170
44 98
X
68 139
153 180
168 39
X
29 110
81 44
24 137
164 6
179 119
37 49
184 192
137 113
138 44
160 12
71 93
X
71 89
26 45
38 193
97 69
147 164
121 107
27 45
44 182
170 121
84 141
105 61
22 150
49 2
195 126
20 122
18 134
105 192
135 20
64 2
68 72
91 122
141 180
121 162
108 171
12 154
125 74
137 174
X
147 88
50 113
86 169
158 30
142 194
54 113
39 29
193 86
112 118
184 196
40 76
166 158
44 123
55 17
4 149
X
126 86
111 170
74 29
127 11
40 70
65 175
84 161
194 183
189 143
77 29
150 20
34 74
97 113
10 168
57 85
66 2
77 34
127 90
143 180
42 87
183 25
X
150 76
72 125
105 34
75 178
41 162
X
71 87
188 12
180 195
38 28
155 13
11 78
134 192
56 62
17 27
157 49
117 9
192 183
157 133
35 110
166 169
10 142
30 27
107 17
184 190
X
151 167
23 5
54 32
164 5
187 136
72 147
110 142
178 168
166 155
52 139
52 68
91 112
161 15
173 142
132 126
16 93
64 175
92 176
37 91
169 65
64 93
89 105
4 190
70 91
175 170
141 52
12 148
57 194
162 115
65 71
44 124
74 91
138 161
154 84
120 145
131 192
43 181
4 119
154 103
49 43
177 108
58 89
29 26
154 86
168 160
X
192 13
120 130
13 193
19 18
57 109
6 14
69 2
181 5
28 170
108 122
104 172
91 51
13 139
49 188
66 102
73 63
124 180
125 76
118 39
91 63
51 21
32 152
16 175
54 118
39 18
73 185
170 119
X
102 173
102 106
61 58
147 162
138 100
24 83
39 36
130 155
186 100
159 106
1 92
29 97
X
182 5
2 132
193 88
158 63
172 106
96 97
83 90
50 171
108 72
118 69
195 186
159 63
79 30
8 12
23 8
110 58
193 126
88 53
145 191
12 142
34 103
85 21
185 165
74 147
189 165
126 50
174 158
141 174
129 163
169 132
176 130
24 40
31 8
37 144
180 117
190 47
191 115
128 30
130 30
71 135
184 139
102 99
187 156
177 18
191 22
54 18
38 38
49 109
103 180
77 45
56 157
169 27
X
102 175
10 50
X
71 36
25 65
90 109
135 121
125 179
166 85
192 5
30 150
37 181
193 5
63 158
100 18
54 68
13 74
161 21
61 156
79 2
191 118
65 3
119 25
128 91
143 45
94 41
93 122
132 130
38 194
6 146
X
95 62
102 91
155 176
120 60
122 23
116 68
X
140 10
147 52
55 74
126 132
75 147
62 190
161 84
131 58
103 162
68 115
13 128
97 82
19 101
151 178
49 85
58 135
25 123
160 93
81 2
X
21 6
69 105
175 93
159 52
82 138
193 48
51 119
181 102
X
141 160
27 172
40 124
142 41
12 151
37 90
68 180
65 46
131 156
56 182
8 114
93 69
187 140
71 73
87 119
40 142
126 23
126 119
9 26
79 54
56 87
177 172
175 107
181 177
24 15
97 12
149 92
67 157
51 29
69 8
158 123
21 26
X
163 169
7 119
69 3
116 143
139 71
94 192
68 116
X
71 8
121 109
51 139
139 180
26 83
4 42
57 22
142 54
1 179
98 167
14 188
3 93
187 90
9 30
31 123
177 95
44 179
10 88
176 155
124 84
X
4 161
6 147
17 67
64 95
92 53
48 167
173 189
107 86
165 77
88 197
91 197
19 102
44 70
162 106
61 189
23 67
7 85
31 6
111 100
15 24
X
191 59
159 171
90 145
86 122
90 104
83 2
162 127
110 190
X
128 154
151 95
190 46
32 127
73 193
95 79
138 22
105 31
139 91
44 50
112 188
10 47
42 10
87 97
X
126 170
23 84
72 150
53 195
189 193
12 80
154 137
105 97
85 162
87 2
110 101
51 154
157 53
72 63
142 150
151 43
4 131
155 14
50 80
74 166
140 75
154 37
178 37
55 73
158 33
151 88
194 93
124 31
15 57
93 197
7 58
72 65
118 84
2 193
52 153
101 92
140 16
101 62
30 193
X
129 31
84 27
61 182
122 130
141 16
6 183
X
36 149
49 6
103 125
129 50
110 57
X
119 57
66 15
152 86
104 112
36 181
107 74
182 29
169 50
152 90
49 10
12 74
80 77
X
87 155
93 89
53 33
41 88
73 162
76 34
9 166
15 79
86 10
133 160
197 181
85 34
189 14
3 190
96 67
184 151
8 104
122 110
70 127
181 96
188 152
164 74
58 61
44 86
44 36
136 105
189 19
167 31
55 101
74 3
126 8
159 169
97 79
103 97
18 176
44 163
56 6
34 20
43 46
99 25
24 195
147 181
61 11
3 139
46 42
16 191
48 168
175 171
3 194
X
7 117
66 36
49 187
25 114
132 155
52 20
120 56
172 47
83 83
163 174
20 148
139 98
85 83
14 42
78 99
34 189
40 196
193 174
15 119
88 70
121 42
140 154
168 62
59 6
43 119
151 8
49 87
112 121
72 127
4 137
112 112
123 13
105 99
142 15
122 78
138 70
152 56
102 92
140 70
X
116 10
8 13
67 17
X
11 180
140 80
30 63
106 123
142 119
56 5
95 137
165 56
113 149
79 178
119 187
125 122
17 121
139 81
26 40
71 104
98 172
148 149
137 108
171 122
84 17
X
180 38
126 113
13 13
119 48
180 186
165 118
158 32
52 173
38 43
91 182
59 5
X
122 11
132 104
67 72
102 89
167 60
61 155
146 121
35 51
75 165
133 148
41 19
103 127
55 67
61 144
89 145
179 105
64 114
3 91
148 88
87 95
127 111
78 147
184 142
101 192
79 77
143 150
24 140
11 178
145 150
7 30
101 189
141 175
46 64
75 137
X
55 106
161 172
34 185
51 43
105 57
72 188
166 183
X
3 161
53 43
183 153
100 173
167 88
102 17
92 182
187 88
146 149
63 51
X
57 119
28 121
158 8
24 129
X
188 137
10 30
17 56
23 33
110 17
14 89
25 66
105 26
53 174
177 170
144 118
129 183
70 164
48 50
136 76
86 59
51 113
177 72
99 176
154 43
77 13
118 51
77 98
177 144
14 133
127 45
22 68
53 136
154 146
74 63
3 130
105 127
188 119
122 31
147 188
65 75
54 70
121 124
61 143
38 27
134 168
130 191
169 178
106 47
172 51
159 153
89 2
X
138 180
84 68
138 45
130 63
55 108
15 190
87 83
148 78
7 14
15 179
120 70
53 100
144 41
103 68
27 125
17 9
X
75 121
X
176 157
9 52
70 128
19 167
10 52
138 96
64 5
17 52
145 196
12 89
31 106
27 12
165 90
177 194
190 174
188 154
23 18
25 195
146 23
75 102
152 37
153 37
143 143
24 18
92 52
4 153
14 48
162 118
X
169 100
91 154
32 110
194 90
191 41
151 31
148 64
X
100 88
68 136
42 113
133 165
130 153
X
125 52
81 27
20 116
105 73
157 11
142 39
182 181
24 42
34 190
38 91
79 3
26 42
71 6
169 60
73 190
25 150
91 2
182 106
14 76
133 98
11 40
183 179
30 98
24 87
161 30
40 148
18 180
167 182
143 29
11 38
85 155
30 160
103 182
47 9
145 65
88 99
182 91
86 9
169 46
6 12
123 57
183 142
2 41
126 2
175 161
118 194
182 30
122 76
100 5
134 76
105 191
7 165
161 118
X
86 143
127 109
27 136
142 42
85 137
71 147
136 109
X
118 85
122 85
99 153
161 29
99 154
167 29
143 80
85 58
40 174
82 90
185 151
12 133
34 66
128 2
17 179
9 150
74 136
107 59
26 168
95 100
191 8
192 143
158 21
88 196
70 106
162 42
159 21
141 59
118 192
102 70
108 126
X
130 192
7 62
68 194
104 106
55 110
72 56
176 146
38 53
21 62
161 75
128 38
166 102
18 135
153 179
51 127
122 121
147 161
28 49
136 70
16 67
49 15
183 51
167 189
102 97
74 28
43 164
190 104
34 149
25 43
141 147
111 138
100 150
27 134
90 196
124 97
89 3
64 31
40 165
178 83
179 83
169 138
71 134
79 28
156 124
131 54
57 36
126 4
191 79
104 24
25 84
168 33
56 151
156 190
194 47
152 41
135 98
68 179
55 174
137 103
106 179
116 140
71 71
130 183
139 105
97 194
81 31
73 91
85 71
X
148 105
141 81
114 163
79 129
130 2
17 180
32 185
105 71
180 122
114 93
131 62
179 104
137 12
166 159
X
135 171
177 117
13 26
135 119
18 178
63 178
155 2
106 31
63 48
190 74
X
110 178
154 93
174 157
8 151
39 192
46 69
128 36
107 31
140 14
155 12
47 121
112 31
162 195
103 48
190 18
114 92
104 72
53 163
191 18
169 107
X
102 108
1 25
54 100
43 44
148 106
158 18
137 102
107 162
106 140
4 176
129 4
13 176
175 78
20 35
193 194
127 86
135 113
32 26
177 96
166 194
122 124
66 37
195 118
164 57
138 169
34 26
121 75
21 27
144 31
32 56
76 185
84 88
41 193
159 157
192 52
130 4
157 104
97 97
51 158
90 51
10 112
36 49
159 168
129 46
170 90
114 164
95 30
190 49
41 125
192 40
47 53
X
91 22
78 54
148 158
42 135
126 91
73 56
62 188
183 103
196 97
25 45
79 122
94 22
97 16
28 45
13 181
17 72
193 59
36 104
187 22
57 62
149 118
179 28
X
183 183
79 157
169 58
42 63
182 101
75 179
188 22
176 83
168 31
133 163
193 32
X
77 80
23 193
95 85
129 179
49 27
66 73
123 129
50 27
173 31
138 77
162 37
116 67
168 132
160 129
117 67
X
189 194
51 27
117 42
116 89
118 193
167 30
141 121
121 193
79 161
4 146
51 195
55 166
X
X
120 41
131 188
66 155
147 117
52 27
168 76
36 109
X
X
75 180
86 102
X
179 158
10 48
157 195
17 78
3 183
72 194
18 189
107 71
46 38
X
36 144
29 7
31 105
159 49
126 45
188 35
38 65
157 194
144 33
190 35
156 62
5 173
172 192
92 113
65 48
32 125
146 40
151 6
112 38
33 7
105 154
145 197
150 180
41 7
90 173
55 33
125 75
105 188
134 100
134 75
110 162
1 95
66 116
35 49
20 63
6 46
17 123
6 23
164 58
113 147
5 101
123 121
135 150
21 36
24 141
148 164
22 101
52 101
28 123
30 163
32 63
21 87
171 10
38 114
87 59
27 73
X
104 101
160 55
35 32
119 184
171 145
77 120
79 29
120 15
128 3
170 178
151 182
158 4
64 77
40 87
158 2
110 13
155 5
105 27
14 102
37 135
6 58
122 146
106 124
37 54
79 49
20 17
169 59
72 67
171 188
101 191
74 160
12 104
94 93
138 111
111 98
186 66
178 123
110 118
144 29
86 109
103 158
87 109
184 141
X
31 124
65 182
119 162
91 189
92 177
13 136
73 147
X
167 87
165 196
25 136
138 177
22 147
163 95
153 84
16 188
25 125
4 39
104 109
187 165
71 56
156 5
104 142
162 190
44 161
101 19
42 116
23 13
69 138
164 2
160 51
5 191
127 50
109 159
22 60
160 169
125 67
X
139 89
24 17
17 44
147 132
130 46
87 56
158 50
104 123
2 133
95 64
162 15
167 27
189 128
23 41
51 20
179 185
51 150
143 54
51 90
163 117
54 75
53 90
11 10
123 170
165 76
24 68
111 31
192 46
33 30
165 2
90 103
19 115
181 123
191 88
104 97
44 119
12 181
X
180 94
117 40
43 124
161 78
120 144
168 135
40 194
50 44
169 145
5 123
156 177
141 90
22 134
57 73
193 29
158 101
137 156
7 77
147 159
117 167
100 149
192 32
176 154
79 73
168 197
31 49
178 120
49 86
26 185
158 124
53 41
X
87 101
138 91
189 160
180 90
39 17
90 41
35 154
137 13
146 36
76 89
73 188
133 132
119 143
12 85
147 36
187 166
41 77
140 13
14 179
124 68
166 2
154 145
123 154
188 151
175 158
15 51
156 13
81 28
74 57
11 176
86 93
84 28
125 89
87 30
87 57
64 7
41 91
42 70
125 129
127 120
180 39
80 127
16 108
141 55
70 135
X
134 146
53 24
51 84
151 177
190 156
159 13
12 69
54 67
187 157
159 76
X
179 2
78 81
174 162
20 118
69 16
48 170
53 118
31 66
127 89
122 154
69 7
164 85
179 92
108 118
59 160
180 92
150 77
142 57
145 30
19 186
75 175
52 51
36 106
190 171
138 170
133 161
147 57
180 77
41 97
X
69 103
183 154
154 89
112 119
148 57
185 89
30 28
7 171
78 129
171 75
X
151 30
188 13
75 7
86 142
192 118
25 151
36 73
15 27
180 5
52 195
172 30
98 51
75 177
143 106
156 142
64 73
100 195
172 142
188 18
41 46
103 24
44 76
193 50
35 135
121 194
99 167
168 122
23 191
7 71
44 133
151 168
180 177
174 154
X
24 27
146 78
91 133
98 164
161 117
14 139
180 3
41 156
12 147
17 169
X
15 193
103 72
38 67
173 20
91 158
89 54
40 169
X
194 49
129 153
56 113
168 178
54 40
92 64
X
40 166
171 51
64 121
191 186
56 190
114 24
180 2
193 4
58 139
52 166
99 98
150 17
183 53
90 7
135 128
38 126
81 46
112 98
34 194
32 54
130 24
110 163
163 115
56 89
67 32
53 176
159 38
98 7
53 35
75 32
128 84
157 57
171 138
135 126
67 162
180 154
104 134
146 52
161 120
87 189
6 27
93 108
77 32
156 176
X
157 105
192 186
74 81
40 63
175 105
190 120
33 52
183 105
40 31
85 154
162 122
83 77
16 106
136 11
36 55
193 3
139 11
95 52
121 158
29 103
87 32
152 43
134 188
83 88
132 154
57 190
35 103
114 178
24 21
41 70
57 83
166 178
38 39
152 135
114 175
193 193
2 194
128 89
43 70
13 53
189 178
133 147
84 94
X
9 104
78 27
93 25
17 53
112 138
117 41
30 47
64 14
140 11
117 91
133 159
195 5
191 77
147 150
105 25
140 41
36 173
70 125
137 72
85 164
86 164
61 192
53 191
X
7 75
115 12
12 5
166 83
136 73
173 195
97 62
162 11
86 21
122 10
41 180
31 110
41 30
73 161
9 84
77 105
54 126
51 18
65 36
108 111
5 26
188 170
51 30
69 36
61 130
69 75
147 7
159 78
143 44
51 138
174 197
14 140
8 26
134 71
17 76
170 87
48 169
64 116
5 133
1 23
149 29
127 27
24 115
32 163
121 108
131 39
167 178
9 88
136 75
141 163
93 181
51 194
53 194
X
179 80
6 104
25 67
41 164
90 197
46 84
28 129
104 47
111 147
103 124
23 42
9 46
X
29 106
85 68
100 14
40 77
161 167
181 2
X
101 63
54 115
19 9
102 68
157 12
158 31
21 86
122 56
106 187
111 149
141 76
X
144 54
97 30
157 139
132 56
107 19
95 158
94 89
104 131
173 192
125 109
120 104
98 189
137 110
60 59
14 142
55 145
99 147
52 86
79 74
127 173
84 72
137 173
117 184
24 151
20 9
107 190
130 68
139 94
86 111
142 52
33 187
143 52
162 21
159 104
95 140
18 174
X
107 119
102 18
129 89
171 7
141 176
179 106
172 32
184 194
54 107
182 27
79 180
187 68
177 32
183 27
42 37
110 18
135 18
147 19
195 130
81 126
61 95
169 121
68 37
80 129
194 31
54 52
130 65
93 112
85 105
189 100
137 171
99 26
52 76
15 89
52 55
21 32
114 83
149 65
X
164 171
27 78
139 14
120 122
X
110 158
55 70
51 136
11 6
91 121
172 46
182 2
165 85
76 102
10 4
112 120
33 53
173 194
185 155
191 39
X
155 142
152 55
128 67
X
77 150
67 159
87 93
186 106
159 60
133 114
175 95
134 98
127 52
57 188
183 143
99 134
192 39
X
161 134
63 155
188 143
102 134
124 10
13 40
14 40
76 146
121 41
106 75
147 92
27 47
186 102
X
102 28
135 132
91 111
74 86
138 109
105 161
21 68
172 109
22 139
191 2
32 64
74 139
91 43
171 189
92 43
95 139
192 78
65 121
168 38
172 161
118 43
94 85
88 122
29 150
76 145
18 179
165 158
26 169
42 155
119 43
126 10
80 60
122 125
171 38
86 190
191 86
112 147
11 84
6 132
6 140
X
56 32
110 169
11 154
29 40
X
62 97
12 152
90 112
27 140
29 6
21 152
167 183
44 77
31 152
21 5
12 4
36 147
162 167
134 170
188 172
156 122
48 108
178 18
56 136
100 152
69 194
41 6
169 192
56 114
44 6
77 161
119 152
121 9
127 71
23 168
29 163
130 71
192 2
98 156
176 61
177 143
X
28 169
80 49
34 63
105 51
162 191
135 9
161 33
129 47
54 195
90 158
X
42 44
59 87
105 49
9 98
74 80
X
31 192
109 110
167 197
72 59
11 142
133 105
126 84
120 124
120 187
107 87
154 104
X
42 74
102 107
X
154 71
X
54 170
57 24
181 121
87 58
159 10
56 135
175 163
85 59
169 110
122 13
147 190
125 119
184 155
129 192
71 162
137 9
46 62
177 132
41 145
89 101
X
152 49
102 98
99 24
159 103
106 162
135 177
173 19
23 34
104 164
143 102
22 36
X
X
177 28
73 194
150 16
9 130
180 52
X
60 155
121 145
184 28
69 73
94 67
95 67
191 187
X
186 156
50 158
75 64
69 106
95 13
146 145
101 149
44 46
66 158
194 180
142 90
126 130
87 72
66 16
125 149
81 34
67 16
130 25
147 130
115 163
147 184
26 49
40 128
138 182
165 60
X
120 163
180 178
151 166
65 120
28 146
17 57
11 79
178 16
86 120
157 106
67 121
109 88
177 93
117 70
51 52
79 76
195 59
68 134
4 174
151 164
63 8
155 72
6 77
4 74
81 55
152 176
130 70
165 180
97 159
X
25 12
29 45
92 138
113 150
181 118
172 107
183 186
129 164
172 10
104 110
69 119
39 143
21 60
128 31
177 145
6 26
178 39
119 24
152 165
156 196
36 20
128 24
46 82
X
80 58
173 138
72 60
181 194
135 174
49 4
X
10 114
30 5
56 158
125 124
158 110
26 195
137 119
32 195
146 117
128 97
169 103
195 187
109 86
54 20
59 85
56 166
1 40
142 143
90 190
70 36
56 20
38 185
17 124
73 150
160 61
172 180
146 166
120 131
181 117
193 2
167 192
164 158
13 177
98 111
122 133
30 73
84 71
3 25
123 161
126 133
22 104
171 61
X
131 109
78 49
161 136
124 182
9 101
108 77
41 98
180 105
59 4
X
34 51
93 118
157 134
6 11
70 20
8 147
9 112
13 47
38 112
14 69
3 140
185 136
31 195
34 106
25 15
52 67
75 162
177 197
103 49
151 22
98 149
5 59
53 140
35 17
151 165
189 192
58 140
112 35
58 59
145 36
X
66 106
76 150
158 57
101 172
72 88
106 64
X
119 47
135 72
50 187
90 154
46 86
74 158
36 17
66 180
80 143
39 196
19 153
194 113
80 142
33 5
113 26
X
9 11
9 103
138 20
169 30
52 40
123 153
128 153
33 63
134 191
110 179
34 65
54 157
29 189
86 8
81 86
74 157
163 116
7 167
6 133
17 74
179 29
63 114
2 192
147 38
176 76
161 83
112 33
129 26
15 132
110 160
X
88 8
90 8
41 48
98 8
176 79
113 12
36 105
183 30
57 192
93 136
156 121
132 159
12 14
152 50
52 32
X
33 49
4 77
109 123
55 23
55 181
4 72
138 94
50 84
141 45
23 14
149 67
159 18
138 171
146 165
63 6
75 34
121 185
134 105
X
194 60
88 190
168 159
166 154
92 140
124 100
63 11
183 152
126 100
33 160
39 175
42 160
128 191
182 94
79 158
16 155
115 48
X
66 175
160 167
89 158
65 172
41 5
10 27
178 20
24 46
179 32
28 44
36 139
187 20
143 55
122 158
9 114
112 130
30 110
118 184
X
157 70
52 119
73 148
68 60
78 102
87 194
85 161
123 74
117 12
115 95
91 92
36 50
189 80
130 161
137 148
146 132
38 50
77 174
41 50
106 17
162 82
164 161
160 74
182 48
X
187 151
158 37
55 146
141 150
74 163
194 2
164 78
100 147
150 185
129 23
60 85
59 58
70 190
134 77
173 141
98 88
178 35
45 5
145 57
126 28
182 35
178 95
81 58
29 118
105 152
132 191
X
145 106
53 175
143 68
68 47
34 147
78 46
134 23
66 121
129 188
104 144
43 127
X
94 197
X
61 14
26 120
84 164
146 17
43 156
77 54
68 44
78 109
155 49
105 47
56 84
155 85
137 154
140 96
59 62
117 140
1 163
16 105
64 4
7 10
194 186
119 153
12 146
66 14
186 155
121 79
87 192
167 158
68 35
91 120
92 54
108 31
128 39
99 172
167 28
195 2
171 46
149 64
179 50
164 170
135 75
44 155
78 146
121 15
53 179
53 181
169 47
69 4
110 141
X
41 10
180 83
71 149
13 70
191 50
197 57
51 24
143 41
80 73
125 59
173 28
97 112
73 6
134 21
130 67
128 190
147 114
52 117
6 50
177 123
160 191
186 171
X
97 33
131 112
44 10
74 162
51 115
5 98
170 177
168 41
88 110
92 91
132 156
8 98
55 42
186 136
110 85
42 133
84 30
41 160
189 126
26 53
24 19
137 11
194 80
94 30
147 102
34 19
109 133
139 72
109 148
6 60
96 32
110 130
38 68
133 140
55 147
98 32
34 76
187 170
90 101
181 108
37 76
138 42
108 167
151 137
181 186
85 163
88 27
52 47
16 107
159 74
158 130
45 135
170 89
24 114
19 121
159 154
167 33
76 109
193 180
37 173
25 86
157 15
183 155
169 197
120 143
194 89
103 149
105 187
158 104
65 50
173 61
X
38 184
25 165
33 103
170 33
33 152
88 68
110 55
138 98
138 93
103 27
57 181
181 70
24 119
144 103
71 90
40 29
131 38
55 194
22 26
165 176
3 43
27 75
50 125
52 151
62 147
140 77
64 191
168 188
182 186
140 164
143 66
101 154
179 71
104 99
121 154
106 49
78 36
71 4
156 120
10 153
134 57
41 62
168 53
53 29
103 60
52 141
11 80
49 153
53 173
103 147
137 99
104 36
31 118
105 153
141 119
153 90
148 166
155 38
158 38
193 130
161 31
132 153
137 140
X
19 63
25 149
124 130
129 71
X
X
X
167 32
74 100
36 54
127 123
124 87
111 118
132 168
96 83
155 190
31 174
155 8
97 100
179 39
62 177
45 107
25 51
26 51
104 179
3 41
161 94
18 152
15 189
10 46
59 89
55 5
136 131
182 39
64 189
120 14
137 139
163 108
175 133
155 11
159 170
8 16
12 3
133 164
182 38
92 189
31 95
100 191
81 29
107 69
108 124
4 40
159 110
6 171
70 18
87 84
89 34
37 171
17 119
142 103
64 51
86 158
76 4
42 123
89 59
34 155
106 76
193 176
33 98
137 150
110 84
3 39
81 88
156 63
86 101
59 130
68 193
155 43
76 81
5 151
115 91
43 3
118 195
50 115
101 190
70 86
31 125
83 81
121 140
2 93
91 108
153 95
148 58
34 104
111 34
54 187
196 32
188 36
167 190
182 122
81 4
39 112
84 93
82 4
47 3
88 112
45 133
77 121
61 180
132 113
92 118
138 41
43 85
27 129
183 109
148 145
53 70
10 165
87 4
125 51
134 74
12 105
194 78
76 39
33 96
164 59
169 144
33 105
44 37
49 195
156 194
44 96
73 138
160 57
152 51
115 179
154 143
159 120
134 126
68 49
51 120
180 76
X
25 68
188 118
177 62
154 82
163 93
98 5
168 74
16 48
73 151
87 105
43 87
119 108
69 50
109 77
12 76
74 134
62 130
53 124
59 161
33 55
100 172
126 70
152 169
187 138
179 79
175 91
155 196
138 108
133 110
11 139
53 137
99 5
126 89
134 70
105 142
56 108
39 147
121 146
41 192
51 147
21 83
24 185
83 164
145 18
176 170
110 167
70 121
13 57
41 195
95 97
112 134
93 22
64 35
13 80
136 24
25 169
108 113
52 44
190 106
53 32
4 133
149 94
193 183
86 161
154 70
20 186
19 123
145 195
3 184
67 35
41 143
88 4
160 194
88 109
79 138
109 169
137 145
194 46
188 90
41 183
55 75
134 22
99 109
X
X
105 55
38 31
5 71
5 174
192 130
30 190
37 88
144 119
49 104
54 106
68 16
32 89
131 50
170 138
89 4
26 47
87 125
128 37
169 29
159 107
43 155
172 29
12 103
190 14
11 9
41 142
85 95
30 103
135 123
16 42
114 95
134 190
13 25
15 25
168 72
29 74
143 39
88 98
106 13
191 178
39 67
171 146
123 60
126 71
4 117
178 58
169 106
156 153
14 191
32 171
192 126
81 136
7 84
89 120
173 162
166 173
128 71
178 155
49 28
56 179
29 115
28 127
51 167
20 188
6 154
99 157
51 28
165 86
50 150
25 148
184 136
55 103
159 15
8 117
39 27
78 125
167 5
53 48
80 34
24 26
191 3
76 2
49 108
74 127
74 5
132 62
179 49
109 134
24 126
93 68
141 94
23 87
183 122
27 121
116 69
42 46
53 40
56 69
103 130
105 28
110 88
159 102
71 70
105 72
92 131
183 52
73 3
167 59
177 92
84 18
125 13
172 61
25 87
129 62
74 88
33 20
27 83
178 130
180 95
8 14
8 121
109 55
13 14
188 77
55 14
79 120
141 42
142 80
114 94
133 113
145 132
28 51
42 112
122 84
42 98
149 114
42 91
67 119
166 86
171 121
169 31
80 1
66 119
184 31
29 8
92 123
88 51
68 75
166 132
23 28
24 80
32 33
154 88
81 73
177 124
186 101
13 48
190 22
154 69
104 60
155 83
4 122
162 20
180 109
10 29
75 132
170 40
42 88
11 14
134 41
42 16
115 84
40 43
17 68
155 15
172 8
147 23
182 36
27 16
12 106
78 39
28 53
44 2
190 130
33 33
2 91
175 10
71 5
190 126
169 91
35 33
59 127
76 38
98 133
144 39
29 134
170 53
24 118
62 33
79 34
19 100
33 94
129 52
160 96
161 115
67 36
189 81
92 25
106 51
170 61
191 5
30 89
70 119
189 102
176 78
176 104
44 69
77 60
38 54
147 106
181 48
42 122
119 49
127 110
110 110
190 82
98 97
168 73
188 116
141 80
107 118
57 75
158 128
30 72
145 117
91 90
15 67
162 10
171 74
182 96
141 83
31 104
95 50
20 60
127 112
156 53
94 33
195 93
193 94
139 73
13 68
194 126
54 120
140 94
189 127
13 69
12 131
20 117
114 8
105 123
97 99
110 56
17 42
41 8
61 12
99 97
18 9
2 43
122 24
77 102
11 87
13 79
150 18
174 33
128 70
97 17
104 64
61 7
51 75
9 129
187 73
92 42
23 62
108 35
148 130
68 58
33 27
98 131
153 133
55 20
173 64
54 124
41 15
49 29
176 119
126 30
71 7
152 93
180 101
32 66
25 116
65 51
49 41
17 25
11 12
5 99
134 55
29 95
31 98
138 120
179 101
93 111
161 82
138 24
117 84
55 48
26 121
74 92
119 67
44 63
123 59
134 18
178 36
59 2
191 14
55 43
25 17
180 27
193 52
61 6
33 90
89 51
190 103
93 81
5 77
167 56
161 74
196 56
71 105
19 17
163 86
180 69
45 10
177 29
187 19
192 8
102 133
193 95
61 2
134 102
119 52
66 46
92 129
27 135
158 108
122 122
98 69
81 127
188 115
92 68
68 106
100 89
161 40
52 104
162 18
185 92
76 50
62 11
115 82
68 48
80 15
65 114
139 77
160 123
132 101
152 94
30 8
50 90
104 28
169 52
147 21
16 115
21 66
32 28
166 82
13 9
30 30
124 88
50 86
47 122
171 31
192 37
145 120
54 104
14 51
55 44
118 28
20 34
22 24
96 31
8 61
118 93
168 100
136 90
181 35
85 97
7 86
175 101
86 112
55 50
137 24
25 50
71 125
82 1
72 86
133 100
136 110
30 65
158 133
34 108
53 28
56 4
24 135
17 24
94 83
177 97
126 67
66 38
16 133
115 89
119 53
127 47
115 28
125 45
71 86
41 82
136 113
94 25
147 68
96 62
80 38
103 101
141 77
8 122
76 29
43 122
184 30
88 95
111 77
101 88
34 31
189 114
24 16
86 99
90 9
17 79
106 72
189 18
138 43
75 93
117 47
144 36
169 87
187 100
40 19
33 32
169 26
22 65
55 115
178 2
150 114
74 102
9 110
146 68
57 108
121 60
26 129
156 3
118 106
63 46
78 101
103 134
6 117
104 51
137 91
178 118
183 54
51 15
78 96
168 104
45 119
136 128
29 117
13 67
22 103
185 88
20 125
38 64
124 30
27 86
130 26
30 76
5 24
170 46
178 26
42 2
24 128
132 102
137 123
77 58
146 57
151 133
43 86
120 12
75 120
131 51
56 61
177 71
141 73
154 50
97 13
132 54
12 84
126 26
110 19
32 18
193 56
49 110
118 49
42 18
163 110
191 82
6 15
101 13
145 123
154 39
51 48
108 13
42 115
67 15
31 89
91 91
37 75
144 68
93 93
164 60
146 102
147 8
98 89
40 44
65 18
154 68
93 110
137 105
105 100
83 44
88 52
182 117
115 25
195 95
123 109
145 133
43 2
148 76
161 10
194 5
9 5
171 108
181 122
43 10
149 95
70 88
28 119
176 77
117 86
55 102
77 36
111 36
136 130
121 37
104 34
36 108
76 80
33 110
104 127
156 101
147 39
30 64
12 86
8 11
190 105
116 6
135 105
87 10
184 29
136 98
53 67
53 75
132 42
188 38
11 39
102 109
86 123
190 48
194 29
92 22
76 51
136 121
80 4
146 58
94 130
57 134
7 50
119 56
7 114
24 24
34 126
166 84
165 78
162 129
153 57
15 93
57 23
42 134
87 114
116 70
184 36
30 45
157 63
91 123
97 109
134 103
74 90
138 21
192 56
104 88
4 24
57 34
137 100
6 16
141 53
149 21
120 68
158 109
84 77
27 72
41 87
40 113
150 93
147 90
156 50
136 126
152 89
76 93
162 14
69 87
113 25
13 106
78 50
155 41
68 118
168 64
125 8
1 42
127 12
14 36
197 60
175 12
158 106
102 130
33 89
10 49
91 132
30 31
184 26
42 90
87 108
91 54
75 91
155 105
50 126
71 76
88 124
181 39
93 120
88 93
195 114
146 64
115 80
122 27
187 106
49 107
145 21
106 16
151 42
53 20
114 82
46 63
42 94
30 116
42 76
118 94
118 108
179 52
90 4
177 101
79 14
31 63
153 43
87 112
64 46
100 108
43 116
190 8
19 104
128 62
142 89
120 125
98 132
62 34
109 101
78 82
64 16
143 94
33 28
135 110
66 39
78 32
88 1
127 1
5 28
36 52
176 101
167 47
149 7
114 81
189 129
73 131
171 73
184 39
14 37
38 41
43 36
70 131
42 89
111 39
54 69
127 37
125 31
194 130
111 74
110 87
160 105
141 58
175 96
20 115
6 47
72 128
119 59
159 29
190 100
53 55
165 75
98 17
97 67
90 102
166 100
98 130
132 58
100 17
44 114
112 37
59 8
63 97
196 29
17 45
185 90
179 95
16 74
162 128
170 62
167 104
110 86
155 37
17 48
124 90
146 59
5 73
33 108
147 65
147 59
70 47
116 95
22 100
65 15
13 104
65 105
26 134
14 46
128 64
170 38
12 6
182 26
17 6
5 104
162 9
118 104
127 125
64 97
169 57
60 6
32 105
175 132
90 40
54 127
128 1
101 24
168 59
72 131
24 125
73 132
44 122
4 92
13 42
22 21
115 50
88 111
90 120
154 41
63 127
145 23
106 58
63 49
39 124
167 102
55 116
183 108
7 121
25 81
102 64
21 25
88 71
149 9
116 86
93 124
91 109
50 76
41 66
191 35
149 91
19 21
74 6
138 14
76 36
1 41
44 112
25 47
195 29
136 100
76 6
45 109
101 64
41 9
182 54
103 108
51 17
169 33
2 95
22 102
172 48
46 10
121 57
18 72
169 72
132 105
160 124
117 43
117 82
136 15
81 87
107 73
70 2
175 106
177 134
132 64
50 14
172 21
156 60
138 114
162 8
12 128
99 27
95 22
119 51
147 6
194 51
121 56
131 56
83 47
181 54
110 16
189 41
186 92
126 98
97 14
171 6
21 61
123 124
146 55
74 2
38 52
74 58
86 110
67 106
65 116
144 52
156 1
101 134
108 112
66 34
60 130
196 31
122 30
136 111
77 96
177 119
102 101
57 20
67 31
72 3
16 57
15 74
156 56
138 123
69 114
177 30
23 66
169 56
96 65
123 84
178 105
4 25
181 82
69 90
115 93
52 116
75 96
96 18
194 81
35 73
104 130
178 134
109 39
181 119
14 134
25 119
76 122
52 118
167 2
95 12
143 56
170 108
5 61
26 81
8 119
13 71
142 96
69 91
25 16
69 92
118 107
1 94
106 71
31 126
110 38
184 35
144 40
94 131
93 63
14 132
138 90
171 65
161 130
155 40
45 70
98 12
61 8
157 13
99 14
9 48
30 114
79 33
69 20
97 18
186 77
61 62
101 8
11 132
169 108
173 63
174 12
86 19
196 94
76 3
107 122
146 103
191 12
26 115
122 107
191 127
184 25
11 90
169 123
152 52
124 24
15 134
84 97
166 133
89 32
129 28
105 59
152 83
19 20
17 54
136 9
42 69
38 70
16 118
100 130
158 1
46 6
78 97
164 3
60 89
161 36
156 70
20 123
110 113
137 10
178 3
119 60
101 25
76 119
78 34
40 75
83 69
13 134
33 87
169 41
127 14
80 37
13 108
83 50
82 77
118 82
5 21
139 80
141 96
151 38
6 21
123 28
146 54
67 103
44 97
132 65
57 110
86 30
102 111
170 132
93 40
188 37
102 110
127 31
40 91
69 88
65 17
41 28
178 38
118 53
138 113
75 27
16 102
62 32
15 104
52 100
88 28
31 31
174 78
78 12
189 82
85 72
182 28
106 122
106 68
43 9
113 28
123 80
33 8
147 78
162 110
28 126
16 76
30 88
43 96
173 51
41 85
145 31
179 78
64 120
109 17
21 65
76 82
171 110
75 100
61 96
9 14
41 124
47 52
169 104
32 65
52 113
189 10
133 54
132 40
167 132
156 54
179 117
188 9
88 72
34 75
99 112
107 55
192 88
93 133
15 102
1 21
15 80
34 127
66 8
126 52
17 46
134 58
40 88
159 75
107 127
17 115
31 121
65 20
36 51
100 8
147 119
41 128
21 21
64 6
33 26
131 113
174 51
176 60
50 124
12 87
197 56
113 7
36 19
75 107
86 32
9 3
78 128
38 116
177 16
137 18
31 114
36 53
70 49
193 57
68 131
189 37
20 100
169 61
159 77
33 97
147 18
41 3
95 98
49 55
88 96
87 123
125 78
42 85
98 6
64 11
44 48
81 57
146 134
21 85
29 72
180 93
76 30
117 28
38 113
160 128
148 118
163 77
141 54
105 24
190 117
187 77
12 40
190 76
69 44
116 24
190 52
152 84
91 119
177 31
138 23
92 124
160 42
124 76
85 17
99 92
142 32
65 119
87 17
67 75
30 90
62 93
93 66
100 6
84 87
175 83
93 43
162 13
150 78
49 105
170 88
189 118
45 3
76 7
61 3
91 93
102 5
164 87
96 52
55 51
40 17
75 88
41 94
49 48
145 119
38 125
178 119
5 102
152 85
192 36
146 75
182 95
28 78
26 116
174 6
87 21
128 65
65 47
110 134
53 17
49 9
127 121
32 20
30 46
179 20
108 86
49 90
104 90
179 124
169 21
158 40
167 48
43 125
139 75
117 37
54 7
68 40
177 69
12 88
65 34
53 89
46 110
55 49
122 113
125 9
188 65
12 93
97 85
183 101
88 30
181 81
134 40
178 132
125 56
180 4
61 97
55 118
12 9
153 88
30 119
169 109
142 16
43 123
6 100
156 52
179 5
84 90
118 89
31 117
