1123
201 570 510
53 542 510
230 825 12
631 844 371
287 868 347
500 834 868
323 1161 1012
720 669 48
1083 578 1058
73 598 1038
734 598 1058
1013 464 248
495 520 248
939 585 405
218 585 375
89 555 405
874 784 1128
31 136 443
626 136 419
422 802 592
212 802 552
659 237 978
809 267 1008
830 180 262
1077 158 262
990 145 957
534 145 911
627 826 1096
843 780 1050
406 593 241
1099 625 273
358 625 241
139 1002 208
614 1002 264
482 153 586
252 153 566
726 133 566
480 133 586
1088 1172 456
98 481 949
608 503 927
312 1166 394
229 223 695
958 71 395
3 71 421
107 277 1118
621 33 975
255 1082 98
838 1141 290
971 716 454
129 407 897
36 443 897
355 688 667
225 953 995
175 41 173
226 1034 1050
144 130 328
446 380 255
1025 1136 1125
461 1136 1085
1028 858 1004
21 904 1004
894 844 543
189 864 563
65 209 834
1044 622 918
866 584 918
231 690 190
298 525 380
37 525 414
551 491 414
525 245 202
346 245 226
587 221 202
223 581 834
1049 636 1120
798 1135 777
374 791 326
390 791 358
574 1046 380
594 1011 788
555 210 738
266 532 764
457 636 1121
692 930 495
909 347 929
552 292 928
1085 348 928
347 228 1161
116 834 803
1105 834 867
1086 728 48
434 863 500
470 464 303
509 92 702
807 947 264
964 1001 208
131 40 684
153 40 752
1000 78 871
622 23 816
562 277 1117
484 1132 895
983 1081 98
994 689 715
993 954 995
512 42 123
1008 381 255
931 430 1091
613 55 1197
673 56 1088
739 858 1049
38 289 121
285 290 454
1040 483 55
652 525 1131
284 721 1009
668 143 103
695 235 105
704 532 763
864 435 764
99 780 228
1012 1044 496
577 1046 494
850 369 623
723 413 623
321 833 867
192 768 804
479 157 180
1015 156 145
862 157 144
208 192 179
595 191 144
999 110 32
168 556 375
524 555 404
763 584 375
934 555 376
441 584 405
814 585 376
300 428 360
325 1001 1139
565 1044 1140
448 1122 928
661 1121 961
1101 154 765
769 155 702
749 763 592
766 802 553
1026 238 1008
438 878 891
906 879 922
943 909 922
625 879 890
842 441 213
1001 593 242
1062 594 241
472 624 273
590 624 241
491 152 1027
430 152 1059
1118 1136 103
33 301 615
713 225 615
241 1124 615
114 1124 645
1122 1123 614
256 1092 645
206 279 1118
1039 341 1052
1111 383 458
336 1106 290
827 1141 289
146 1141 255
273 715 454
783 716 455
617 442 897
887 443 896
521 443 862
902 129 286
597 88 287
1115 130 287
705 129 328
981 702 533
136 703 624
481 616 533
5 616 625
232 702 625
1117 1097 1125
642 1096 1124
792 1136 1124
666 56 1197
488 55 1196
257 289 120
937 188 455
1093 584 919
260 965 29
50 923 29
770 966 28
167 690 188
373 632 190
612 234 11
126 524 380
1041 524 414
329 435 763
118 529 765
305 436 764
1082 653 832
959 907 158
786 977 88
1018 1135 775
184 1199 777
1121 791 357
214 760 326
716 791 327
25 790 358
161 932 381
259 945 788
487 301 321
353 542 509
992 569 510
88 346 929
511 347 928
976 824 12
609 825 13
606 801 35
630 825 35
567 844 370
145 867 347
629 867 371
24 844 348
174 868 370
1095 845 371
92 860 421
689 519 303
83 466 304
855 466 248
932 785 1185
338 159 443
829 160 442
760 136 420
193 160 420
242 159 419
1023 100 912
464 143 911
401 145 913
436 780 1094
761 826 1094
679 947 263
41 1002 210
1042 1172 458
1119 1174 506
1076 1134 190
795 1135 105
261 40 686
216 223 618
793 223 692
790 225 694
883 300 615
815 23 817
886 24 816
1011 23 869
408 72 421
93 71 396
1067 71 420
199 97 420
498 96 395
970 1132 846
61 1132 894
641 1131 845
134 1133 893
1068 1131 895
489 1084 846
369 1081 53
142 1037 53
804 1082 54
157 1036 96
227 689 714
930 690 667
295 736 669
1090 953 993
352 1008 994
644 381 256
405 426 299
1020 380 299
392 425 300
414 424 301
18 702 624
847 160 1088
1005 904 1006
889 859 1005
395 858 1048
586 291 47
354 361 49
397 187 557
137 290 558
149 291 557
1098 398 52
501 569 1130
320 213 834
685 675 1008
676 720 1055
528 233 11
579 244 202
714 222 226
412 244 226
1112 221 225
55 245 203
738 532 761
159 531 762
244 582 832
359 979 157
435 909 89
973 738 1124
954 780 177
591 934 381
148 932 494
293 945 855
154 1010 854
499 348 926
556 345 929
13 295 873
20 411 624
697 411 580
263 228 1163
710 229 1162
1004 768 865
751 157 145
274 156 178
411 156 146
317 191 179
1092 669 45
431 727 47
831 110 33
377 578 1039
671 578 1057
1017 598 1057
403 597 1058
605 597 1038
74 598 1039
929 783 425
202 861 499
699 786 500
228 465 250
516 427 431
301 352 362
371 425 433
1055 356 358
459 1043 1182
105 1044 1141
319 1043 1140
969 1044 1181
2 842 1131
330 92 704
788 801 553
517 801 591
722 530 214
182 159 262
63 180 283
345 180 263
477 179 262
1024 159 284
709 179 284
550 158 283
610 1034 807
746 1056 827
812 1035 806
520 1056 807
207 1035 828
112 946 211
519 134 566
868 133 567
583 134 586
49 153 567
52 152 566
735 152 586
518 502 927
721 482 949
334 503 948
115 482 927
1003 1167 392
662 1134 107
57 301 617
1048 303 691
1108 78 817
677 25 870
638 24 869
160 277 1115
771 340 1118
904 31 975
690 32 940
1006 383 552
647 1107 254
243 1107 290
348 1141 256
504 407 863
1046 442 896
688 1009 942
128 1008 993
707 1006 995
684 1008 941
113 1034 1069
651 1014 1051
344 1014 1069
299 1015 1050
42 1033 1050
265 1034 1051
1073 1033 1070
272 90 328
404 129 327
884 618 625
916 700 533
316 617 534
737 616 623
643 1136 1087
245 1135 1086
350 1097 1124
376 1096 1123
541 60 1088
750 55 1092
271 361 50
452 291 120
530 189 456
180 864 562
313 844 562
442 864 544
6 863 543
10 845 543
127 844 544
686 845 563
696 863 563
4 585 919
197 621 919
593 585 955
731 586 956
71 584 920
233 620 956
8 586 918
381 924 29
1071 630 187
787 688 131
485 689 188
447 148 11
351 232 105
249 931 664
258 932 605
913 994 665
664 934 603
407 995 664
791 435 671
194 653 830
432 907 156
426 975 160
505 978 157
294 909 158
1047 1199 776
667 1136 713
297 1137 712
890 1043 493
399 300 319
179 302 321
733 342 277
764 830 868
78 834 864
545 770 804
43 833 865
1043 669 44
417 672 47
122 787 500
439 858 501
808 585 403
581 556 376
209 555 403
466 423 434
462 1088 929
23 1120 927
753 1121 960
922 1089 960
712 1121 928
178 1122 959
391 1120 961
306 1090 927
941 155 762
615 96 701
817 153 764
533 95 702
917 237 980
1053 265 1008
944 266 1007
56 266 979
878 267 1006
138 238 1007
222 879 921
560 910 920
732 880 922
860 910 892
393 909 891
875 101 912
91 101 956
915 145 914
276 780 1053
121 823 1050
600 826 1093
873 783 1050
995 825 1094
576 824 1051
119 623 241
16 625 271
187 593 271
1066 151 1029
901 183 1029
979 183 1057
834 37 752
624 298 695
778 1092 616
863 1123 615
544 1094 614
379 1124 616
694 1124 644
337 1093 615
953 342 1115
173 1084 847
538 1132 893
478 1130 845
675 1079 52
678 1036 95
844 1039 98
101 1080 53
933 473 461
213 472 552
569 686 482
453 687 483
80 686 456
1113 716 456
532 733 667
816 690 714
759 690 668
427 689 669
394 91 126
339 42 125
11 426 258
542 425 299
1096 382 300
797 425 257
468 423 255
493 615 621
872 429 1025
133 497 1023
784 432 1090
620 495 1091
592 68 537
416 60 1089
819 157 1088
1031 858 1047
563 904 1047
972 901 1050
683 290 555
724 292 460
779 189 458
639 568 1130
757 525 1133
268 570 1174
342 210 829
308 719 1055
719 673 1053
362 676 1008
303 721 1053
1102 689 187
700 236 16
775 232 104
977 524 413
857 491 382
188 491 412
646 493 414
510 524 381
79 493 380
945 995 663
311 995 607
536 531 760
398 738 1126
858 642 1120
322 828 176
1045 782 176
1033 829 177
162 760 357
104 791 356
910 790 327
828 790 357
566 759 356
623 789 358
415 759 328
885 1042 493
1037 1046 489
19 1010 853
656 946 855
540 568 510
820 543 483
806 569 483
1075 570 484
246 568 482
554 542 508
66 569 509
718 543 509
1063 570 508
553 346 927
396 345 928
279 347 876
978 344 929
59 292 925
26 371 623
331 372 580
571 371 581
502 411 623
928 411 581
433 410 624
762 281 1165
166 279 1163
879 229 1163
413 772 803
424 768 863
546 110 34
526 69 33
315 68 34
876 859 499
893 861 425
9 787 423
846 518 250
938 465 301
326 517 303
1056 467 303
601 1043 1181
578 1001 1181
549 1002 1140
217 787 1185
935 841 1183
475 784 1182
302 840 1130
486 763 590
869 799 552
237 801 554
1084 800 591
821 764 553
262 441 209
506 442 122
1009 532 122
805 946 260
711 950 208
1106 1002 212
822 1170 394
982 1167 391
825 40 688
891 37 751
77 36 752
559 225 691
450 297 695
465 303 689
1032 297 615
474 300 618
483 227 617
1091 79 867
380 78 818
1002 72 420
165 73 421
1019 96 420
633 73 395
898 95 395
314 96 396
658 71 397
632 97 419
837 279 1055
278 381 464
996 385 460
155 49 238
835 53 314
143 1009 943
752 128 287
527 90 327
90 127 328
634 130 325
1007 91 328
923 701 536
729 1099 1085
181 1136 1122
1081 1097 1123
454 431 1088
120 64 634
496 66 632
772 59 1195
801 58 1194
580 358 120
476 358 48
17 293 121
1010 191 557
366 402 53
198 299 739
742 302 742
997 214 740
383 925 29
400 965 27
785 145 16
870 233 14
796 650 832
124 653 829
140 976 90
1021 977 157
507 912 160
443 910 158
291 1198 775
147 1140 777
219 1138 775
183 829 226
440 829 178
877 782 177
956 780 225
616 1039 495
164 936 382
942 1046 487
648 930 388
1109 931 387
920 1037 380
100 1045 489
856 300 280
45 300 318
304 344 318
150 801 34
919 824 35
382 824 13
650 803 36
768 802 35
867 801 14
247 823 12
921 825 14
1022 867 348
123 845 370
158 866 371
774 844 349
34 868 369
185 846 347
211 1164 1081
64 159 180
29 157 178
897 190 179
832 190 145
1058 192 147
794 156 177
611 159 144
96 191 178
87 786 497
172 861 426
888 859 498
618 860 497
1114 425 431
826 352 364
680 785 1132
672 787 1130
564 785 1182
882 842 1181
529 1121 929
998 1119 961
845 1089 959
967 1091 961
986 1120 960
561 1122 958
756 136 421
234 137 420
531 138 419
952 160 441
824 136 441
744 137 442
655 159 442
290 159 420
1107 158 419
892 160 421
905 153 763
745 96 764
410 94 762
660 530 211
186 439 206
110 142 956
575 101 913
1080 103 911
1110 143 955
962 784 1050
328 825 1053
248 782 1094
1034 824 1094
282 1174 458
1030 1174 504
141 1173 503
205 1140 192
730 1138 106
310 37 686
81 39 688
1100 38 687
341 36 685
980 228 693
39 1084 848
602 1132 892
332 1130 846
367 32 941
965 0 975
895 31 940
811 1036 56
758 1037 95
456 1038 54
385 1082 56
701 1078 98
1059 1039 97
130 1081 95
813 1078 52
60 468 554
717 1138 254
239 1138 290
589 1139 255
333 1106 256
156 1139 289
754 1140 256
836 49 239
852 50 240
236 408 863
460 441 896
132 442 895
251 443 864
988 408 895
30 443 894
76 692 715
777 736 711
280 688 711
853 41 127
135 88 124
1 87 123
267 426 297
851 382 257
51 381 298
1064 618 622
663 431 1087
670 494 1022
1052 499 1027
741 70 627
522 63 634
492 66 537
747 904 1046
95 900 1004
176 902 1006
849 188 553
859 291 552
682 481 51
22 400 50
152 567 1176
48 567 1130
1014 529 1176
1035 527 1174
125 305 746
508 211 828
269 620 919
240 621 954
471 587 918
428 621 920
420 586 919
635 720 1011
1016 720 1053
568 677 1008
494 674 1053
657 718 1009
687 688 133
54 144 18
204 525 383
32 524 382
957 491 383
200 494 414
356 522 380
767 493 381
789 244 225
803 221 224
703 243 202
309 245 224
810 223 226
740 222 225
210 245 204
840 222 203
191 934 605
372 439 762
861 532 757
27 527 762
62 586 763
572 583 830
238 583 766
708 649 832
927 907 154
645 979 154
776 910 91
839 913 88
324 734 1124
908 1041 385
946 1010 793
925 943 850
912 946 791
924 945 852
640 943 794
288 948 855
1116 945 792
1074 297 929
1057 346 876
375 295 875
573 348 924
539 293 925
1054 343 873
58 411 582
12 373 624
537 371 622
364 409 580
585 276 1161
449 232 1161
584 231 1162
102 279 1164
296 227 1166
984 831 865
220 772 866
619 834 862
654 833 807
40 773 803
497 1161 1077
44 1168 1084
727 1165 1015
286 1166 1082
598 670 43
437 673 46
250 67 36
800 69 74
936 109 34
951 111 72
991 68 73
748 107 76
773 70 75
728 596 1038
515 596 1058
473 597 1039
111 580 1038
903 578 1040
557 597 1057
253 598 1056
75 578 1056
607 579 1039
445 856 422
896 784 428
743 859 497
0 855 501
1051 789 423
425 518 251
961 469 304
503 515 304
926 557 404
451 556 377
402 555 378
196 585 378
911 555 402
960 585 402
755 583 404
599 1041 1140
1089 1003 1182
881 1041 1182
409 1004 1183
86 1040 1183
514 1042 1141
596 1001 1180
899 152 763
421 152 703
513 154 761
523 95 762
1060 97 764
780 800 554
463 763 589
15 766 592
47 799 591
968 801 589
215 762 556
370 798 592
1065 800 590
1050 238 980
1029 266 980
588 267 1005
169 238 1006
360 265 1007
363 264 978
1078 266 1006
490 240 978
940 267 981
389 909 920
823 880 921
989 880 891
94 881 922
195 526 118
665 526 214
880 527 119
84 160 262
14 178 284
307 179 263
693 180 282
170 158 264
955 159 263
1094 179 283
818 178 262
865 180 264
378 159 283
1120 594 271
177 624 243
681 596 241
1070 624 271
628 623 272
914 595 242
335 593 270
254 625 270
69 1035 827
702 1034 826
841 1056 826
469 1055 807
361 1035 807
543 1054 828
1104 947 260
85 1000 211
782 949 262
966 151 566
949 151 586
950 153 584
947 133 568
974 135 566
318 134 585
698 135 586
343 134 567
97 153 568
948 152 567
283 152 585
848 1174 503
725 1173 460
833 1175 458
715 1177 506
636 1177 456
340 482 948
275 502 928
1087 482 928
270 503 947
570 481 947
386 501 927
907 483 927
900 1167 344
190 1169 392
387 1171 340
418 1168 343
854 154 1059
264 153 1028
603 182 1029
292 181 1058
423 183 1030
582 154 1027
649 182 1057
1097 152 1029
117 181 1028
68 180 1059
203 1137 188
289 79 820
547 27 816
691 77 818
765 75 870
67 1123 644
1036 1122 615
35 1093 616
706 1124 643
963 1095 614
637 1095 646
558 1093 644
458 1121 614
357 1092 617
109 340 1055
221 343 1058
653 277 1112
82 343 1112
7 1133 890
674 1084 849
548 1084 891
419 1130 893
72 389 458
985 689 454
281 713 484
444 687 456
802 715 456
429 713 454
1061 716 457
467 716 481
871 686 481
46 54 245
224 49 316
388 1007 942
151 1009 944
171 86 173
1027 87 124
28 91 128
384 1014 1052
277 1033 1051
975 1032 1050
235 1034 1052
327 1034 1068
365 1014 1068
1079 1015 1069
987 1016 1070
799 1033 1069
163 1015 1051
1072 129 325
455 126 286
1069 130 290
1103 91 327
781 90 288
918 622 625
736 700 537
604 1099 1124
70 1132 1125
1038 1134 1123
669 1133 1086
368 1135 1088
535 1135 1122
108 1132 1085
349 1099 1086
106 1098 1087
103 495 1088
