6257
76 1124 1703
467 1103 1691
2546 1087 1687
3506 1114 1665
4507 1099 1697
5686 1126 1703
6223 1145 1667
866 1128 1646
3890 1091 1703
3974 1122 1665
2673 1132 1693
2862 1151 1639
5689 1107 1635
3267 1157 1645
2771 1109 1708
5039 1092 1646
5536 1086 1641
1777 1109 1626
2713 1138 1630
4464 1082 1646
1244 1068 1673
4703 1096 1633
334 1158 1651
5300 1149 1638
3507 1142 1639
3853 1527 1660
2201 1484 1642
6043 1473 1617
6133 1507 1669
4812 1502 1659
5049 1480 1626
4364 1532 1643
2482 1509 1597
2350 1471 1627
1133 1509 1641
5672 1503 1657
1175 1520 1660
4087 1526 1662
451 1536 1638
4401 1134 1609
3213 1483 1629
58 1496 1648
3403 1533 1625
5602 1469 1627
1228 1459 1640
4252 1467 1647
2928 1528 1626
5914 1460 1647
1828 1508 1596
5168 1518 1647
5259 1491 1660
3318 1524 1643
2374 1518 1660
4867 1503 1635
3469 1527 1662
255 1473 1615
2090 1508 1631
1440 1513 1623
383 1507 1624
6195 1459 1631
5453 1481 1621
1113 1479 1654
2329 1511 1668
1485 1523 1664
6184 1474 1634
3410 1485 1605
2401 1526 1661
2167 1505 1632
6076 1086 1718
93 1479 1625
1240 1495 1649
3537 1476 1612
5987 1472 1638
815 1490 1645
6042 1462 1638
3863 1464 1646
5556 1530 1622
5563 1491 1652
4469 1496 1639
551 1502 1594
3115 1510 1661
4130 1508 1593
1102 1514 1626
1227 1467 1620
3290 1518 1637
4238 1480 1629
3538 1494 1657
3581 1512 1665
3012 1492 1605
5576 1513 1629
333 1479 1652
6254 1496 1633
3533 1526 1663
5628 1524 1644
3175 1531 1646
671 1495 1601
2159 1495 1633
1931 1475 1629
1592 1109 1614
5882 1130 1607
2107 1504 1600
1914 1482 1644
5197 1161 1625
75 1482 1642
3748 1505 1641
5898 1106 1723
6240 1483 1626
5799 1466 1620
1088 1535 1654
5861 1505 1638
5398 1468 1639
3263 1504 1601
1574 1472 1636
2874 1082 1631
2900 1128 1607
4999 1507 1607
2746 1529 1645
863 1476 1620
3095 1494 1663
20 1127 1609
3603 1490 1655
3024 1518 1644
5426 1512 1644
3786 1501 1657
5518 1520 1632
5957 1477 1631
1328 1171 1631
1970 1521 1665
5940 1523 1607
1532 1508 1662
5482 1508 1649
4250 1527 1657
1005 1474 1629
1009 1109 1619
1110 1486 1658
5687 1520 1664
111 1523 1639
3605 1474 1641
1547 1485 1646
2281 1049 1687
1648 1484 1628
2215 1513 1665
1380 1479 1618
1216 1469 1646
2372 1492 1662
2106 1527 1649
6064 1506 1592
3487 1469 1652
3090 1486 1607
1304 1469 1650
5003 1524 1628
5383 1531 1662
2736 1461 1643
5694 1510 1630
3168 1534 1652
3042 1115 1628
2876 1494 1638
424 1512 1627
2051 1476 1651
1336 1518 1602
5505 1525 1624
1503 1496 1605
4382 1088 1713
2623 1513 1648
1313 1478 1629
4349 1492 1600
4505 1512 1660
1479 1527 1641
3633 1504 1627
1230 1528 1642
1864 1520 1620
6136 1465 1623
6137 1168 1648
5053 1516 1633
1051 1472 1621
3578 1512 1597
630 1536 1648
3296 1513 1650
2417 1499 1639
2916 1500 1595
2119 1153 1623
3215 1534 1654
3596 1513 1641
5163 1523 1634
5151 1062 1656
5290 1530 1658
1573 1514 1602
36 1481 1644
3732 1510 1604
5416 1490 1656
57 1530 1638
5126 1483 1644
2899 1056 1696
3179 1498 1602
16 1519 1653
1513 1538 1640
1080 1528 1666
3845 1483 1647
1343 1490 1660
2823 1517 1641
3257 1502 1636
1791 1528 1624
4460 1483 1617
6096 1520 1637
5857 1481 1610
6108 1507 1636
514 1532 1630
5009 1517 1618
3084 1516 1573
6143 1488 1577
4366 1536 1615
1493 1498 1543
5121 1538 1614
1520 1433 1635
1950 1517 1676
506 1111 1603
3999 1490 1672
3034 1522 1679
1189 1493 1675
178 1547 1647
898 1515 1592
3129 1015 1676
1980 1421 1657
3337 1430 1659
4352 1508 1552
2603 1480 1545
859 1412 1664
4666 1169 1619
1698 1522 1617
5510 1490 1577
1373 1520 1552
5337 1411 1665
3119 1524 1577
4276 1498 1568
577 1485 1534
1867 1510 1549
1498 1541 1670
5218 1504 1566
5233 1511 1676
936 1497 1563
579 1527 1600
5718 1451 1623
4106 1520 1683
1854 1538 1660
3064 1517 1611
2444 1504 1565
2110 1478 1552
2006 1522 1596
4932 1484 1550
3520 1517 1544
5403 1517 1547
4684 1496 1566
2956 1537 1668
3684 1517 1592
2271 1473 1608
5184 1547 1676
5350 1479 1543
2240 1489 1619
1942 1514 1680
2101 1489 1664
3868 1450 1643
1482 1501 1538
1713 1494 1551
4132 1510 1580
2463 1526 1673
2274 1487 1544
5399 1544 1652
697 1514 1568
4059 1485 1545
2267 1545 1663
5092 1491 1616
5484 1188 1636
1316 1498 1552
875 1541 1627
4181 1538 1663
1107 1517 1576
4502 1486 1592
1991 1492 1535
694 1452 1634
4453 1451 1646
3015 1386 1661
4650 1512 1559
4090 1537 1634
2574 1519 1548
1324 1184 1626
6015 1525 1617
1474 1115 1600
4601 1492 1583
2514 1493 1542
930 1502 1618
397 1448 1631
1691 1453 1617
3288 1510 1570
2134 1514 1540
40 1503 1586
4790 1553 1669
641 1511 1674
2499 1521 1671
3971 1501 1622
1632 1399 1660
2158 1502 1679
6036 1037 1721
2540 1486 1626
356 1480 1602
5421 1481 1602
4011 1512 1568
338 1531 1666
519 1525 1597
6158 1509 1551
4682 1433 1660
205 1516 1566
944 1492 1585
5885 1501 1572
1460 1427 1652
2416 1477 1550
150 1116 1624
4119 1414 1664
5077 1482 1566
5958 1441 1650
1337 1479 1542
3799 1525 1684
92 1462 1620
2331 1517 1591
2822 1459 1648
4539 1498 1583
4583 1500 1669
3945 1516 1563
2831 1110 1739
219 1515 1586
1271 1440 1660
6046 1494 1620
3158 1500 1563
3947 1515 1565
129 1520 1594
3783 1496 1540
1796 1547 1633
1108 1478 1553
2590 1476 1546
4278 1481 1547
3155 1495 1589
776 1501 1610
309 1536 1658
5653 1437 1640
5153 1495 1571
2989 1511 1543
884 1487 1582
3243 1457 1648
3407 1483 1664
864 1519 1575
6090 1493 1625
2054 1452 1624
2953 1502 1671
3266 1509 1587
2764 1493 1588
5657 1496 1590
2861 1514 1580
1808 1467 1653
1064 1433 1651
310 1504 1539
3785 1477 1564
3297 1511 1552
570 1066 1629
3639 1517 1581
1701 1459 1655
4246 1504 1564
2442 1449 1656
4004 1540 1613
4116 1515 1672
3635 1497 1619
4001 1495 1613
5512 1532 1679
3428 1532 1607
4245 1444 1659
5238 1497 1541
1769 1489 1630
5565 1534 1672
759 1525 1593
629 1488 1627
1993 1098 1735
5524 1506 1541
4627 1516 1574
4529 1507 1564
2283 1497 1630
4954 1494 1547
2686 1509 1580
5925 1522 1578
13 1537 1661
4715 1517 1588
3909 1522 1611
1946 1457 1663
1397 1505 1546
2993 1474 1560
4523 1514 1563
6006 1477 1547
2016 1469 1609
2431 1526 1679
4814 1526 1617
2666 1529 1671
3082 1487 1623
614 1542 1620
3485 1492 1593
2873 1483 1661
4996 1118 1599
55 1495 1677
1307 1493 1557
4756 1516 1610
5946 1395 1666
4939 1534 1681
1944 1163 1620
2205 1496 1579
1920 1498 1549
5701 1441 1628
5918 1437 1628
4625 1542 1666
5850 1457 1657
288 1452 1661
3523 1443 1632
1744 1538 1613
2884 1528 1581
2508 1481 1541
2957 1521 1675
2176 1155 1613
1875 1479 1537
5848 1513 1559
6138 1473 1656
4687 1451 1638
3302 1541 1622
5260 1444 1621
530 1524 1585
6057 1069 1632
1366 1514 1555
4265 1524 1605
4841 1032 1690
371 1531 1682
1637 1522 1575
3046 1058 1637
4389 1505 1564
2969 1443 1658
3559 1493 1555
2576 1481 1535
2781 1524 1578
23 1503 1587
5603 1543 1673
1198 1033 1706
5930 1450 1636
5635 1532 1616
2230 1496 1531
1594 1538 1627
2914 1514 1556
5670 1509 1570
3937 1483 1599
1953 1538 1676
5178 1542 1621
2435 1497 1535
495 1537 1681
2104 1445 1620
1287 1543 1617
6008 1422 1648
5214 1413 1665
4357 992 1659
126 1508 1575
3156 1510 1562
2394 1498 1588
2558 1492 1590
6004 1483 1554
3189 1459 1613
1352 1527 1668
4022 1487 1583
2910 1480 1536
2497 1481 1552
4597 1539 1668
157 1549 1652
2220 1534 1622
282 1538 1628
3509 1456 1662
4513 1460 1653
738 1533 1597
4882 1526 1579
2351 992 1658
5007 1041 1654
5896 1491 1664
211 1505 1554
1798 1505 1580
6030 1518 1616
2596 1445 1661
596 1452 1633
2367 1494 1554
2183 1398 1657
3164 1437 1635
5160 1044 1708
4172 1501 1621
3052 1401 1656
3419 1448 1653
2671 1531 1676
1239 1534 1668
1196 1049 1641
4883 1503 1573
5674 1439 1637
5607 1483 1572
5359 1442 1632
1047 1501 1678
876 1498 1581
3360 1516 1583
4214 1092 1613
4835 1447 1620
4709 1513 1571
2748 1434 1656
4309 1390 1664
1943 1544 1641
3074 1524 1580
702 1482 1553
1106 1430 1638
4397 1509 1585
345 1496 1554
2712 1537 1676
3289 1395 1662
4069 1180 1641
2988 1426 1640
5572 1508 1672
2120 1543 1649
5578 1488 1594
5994 1505 1669
2065 1482 1596
5612 1489 1665
33 1047 1705
2385 1020 1660
562 1504 1559
324 1496 1584
2192 1510 1572
489 1474 1554
4576 1528 1609
2911 1532 1606
5256 1500 1588
5305 1122 1606
1615 1515 1560
3306 1430 1655
4830 1515 1551
4071 1418 1653
3301 1533 1621
5549 1544 1629
62 1465 1662
6250 1557 1668
740 1161 1602
5631 1419 1543
3057 1536 1550
5998 1565 1689
2293 1413 1583
5960 1547 1736
4979 1419 1630
1817 1425 1676
588 1579 1675
3769 1398 1639
3724 1428 1583
5605 1473 1541
4968 1423 1572
2234 1129 1586
346 1454 1582
4694 1540 1595
2128 1430 1553
6225 1432 1622
3932 1588 1687
4934 1042 1542
2406 1397 1641
4229 1503 1685
1283 1431 1560
2720 1430 1550
4483 1443 1669
6052 1576 1652
4038 1490 1519
2775 1445 1560
533 1582 1684
4155 1531 1567
2295 1479 1591
3110 1406 1532
176 1583 1776
3432 1488 1610
2655 1553 1665
3886 1553 1714
5783 1470 1543
2557 1576 1662
1605 1461 1597
6041 1419 1559
4340 1524 1688
5199 1477 1583
379 1567 1731
2026 1457 1542
3384 1389 1673
139 1552 1620
5573 1016 1709
3832 1577 1685
5655 1547 1731
3327 1465 1577
2077 1421 1682
110 1559 1703
4652 1420 1645
3474 1562 1676
6112 1472 1586
5570 1451 1548
2780 1433 1665
2436 1574 1665
2594 1459 1547
4429 1477 1531
6204 1583 1774
2328 1570 1695
1490 1557 1714
6182 1486 1520
3357 1544 1571
5511 1525 1692
2337 1561 1724
3142 1408 1649
4129 1436 1672
407 1462 1601
3449 1048 1636
3553 1529 1563
3130 1542 1562
3929 1447 1672
2041 1496 1684
4908 1195 1622
1860 1471 1547
1795 1530 1579
5502 1121 1592
5703 1582 1666
1434 1412 1641
940 1460 1591
2983 1552 1694
1032 1423 1596
4151 1433 1545
2502 1562 1665
4104 1383 1644
4755 1547 1719
1487 1554 1703
4282 1560 1679
3210 1174 1598
5103 1563 1679
4700 1567 1732
3838 1464 1531
5074 1580 1717
1382 1462 1538
907 1407 1528
5688 1555 1703
3764 1417 1579
6198 1031 1641
2812 1551 1631
4053 1568 1668
3670 1554 1623
660 1528 1534
1056 1508 1526
5443 1441 1548
5927 1558 1672
1649 1561 1708
1608 1424 1629
127 1421 1534
5730 1383 1643
3681 1559 1653
3404 1556 1701
4927 1558 1676
3781 1570 1663
5621 1480 1524
3518 991 1639
5249 1576 1711
2729 1520 1691
2893 1469 1551
5452 1540 1582
4275 1591 1766
4519 1432 1544
2737 1563 1737
653 1001 1641
2009 1452 1604
5415 1437 1626
5492 1424 1559
3512 1509 1518
5698 1444 1580
320 1556 1648
4202 1540 1568
2414 1458 1584
5849 1543 1608
2960 1552 1696
1679 1575 1774
2349 1186 1735
5408 1427 1672
6024 1428 1591
5773 1431 1572
2376 1566 1725
1282 1378 1646
3680 1482 1526
5282 1578 1702
708 1466 1676
4811 1459 1535
1555 1548 1714
5312 1381 1681
3503 1186 1734
3665 1454 1589
1065 1587 1666
1896 1568 1667
2564 1521 1688
5495 1386 1683
3356 1485 1684
1580 1475 1587
2523 1453 1575
2368 1585 1705
6081 1580 1666
1148 1419 1581
5909 1421 1531
680 1584 1775
3693 1548 1713
1983 1547 1722
2992 1516 1694
2530 1439 1548
1052 1362 1643
49 1556 1675
4808 1448 1553
5844 1578 1652
1057 1430 1574
3910 1536 1541
2029 1457 1587
1279 1114 1614
5467 1553 1699
3186 1504 1682
6246 1539 1570
6063 1583 1773
4347 1490 1524
2253 1178 1606
2592 1529 1545
2639 1402 1681
1987 1441 1613
200 1461 1596
4139 1434 1662
4723 1525 1529
1668 1583 1689
2028 1182 1726
4199 1413 1564
838 1374 1661
6216 1044 1637
4613 1578 1707
3086 1469 1563
6088 1493 1685
749 1574 1651
2124 1427 1627
423 1580 1774
168 1374 1673
4301 1421 1536
5756 1586 1683
5374 1503 1518
3640 1411 1575
2093 1557 1711
3182 1410 1532
3734 1578 1713
5816 981 1665
2778 1175 1678
3941 1526 1558
5275 1534 1579
4540 1420 1567
1895 1430 1632
5875 1365 1641
2843 1570 1721
2127 1430 1564
5389 1462 1608
5054 1474 1565
3829 1537 1590
1131 1577 1718
3098 1200 1618
3895 1381 1649
1334 1580 1658
6010 1469 1587
5900 1404 1677
5064 1357 1660
2334 1434 1549
5677 1561 1739
4589 1584 1718
4100 1449 1591
5562 1441 1612
2689 1463 1581
3075 1567 1785
4769 1409 1686
4256 1512 1694
755 1364 1658
1340 1467 1577
4842 1462 1535
5594 1432 1549
85 1552 1638
6234 1450 1576
4000 1487 1522
5744 1423 1626
2027 1408 1538
1253 1502 1520
6033 1573 1673
2121 1531 1577
1505 1437 1556
1614 1428 1683
5428 1426 1547
5333 1482 1590
5293 1533 1586
4904 1531 1532
6080 1539 1562
6000 1553 1658
4633 1432 1611
269 1543 1592
1390 1531 1554
3181 1519 1690
5939 1436 1588
1915 1045 1544
3542 1581 1777
3124 1574 1729
4974 1537 1608
3001 1552 1613
2803 1574 1725
4667 1576 1694
2473 1556 1652
2147 1027 1639
2489 1532 1544
2421 1376 1665
186 1587 1701
5196 1468 1527
5840 1578 1715
1129 1551 1713
204 1492 1518
5526 1433 1617
479 1541 1575
5805 1568 1658
1784 1398 1542
2284 1535 1585
1671 1475 1567
1241 1556 1651
2865 1585 1714
1326 1012 1698
1688 1492 1612
4215 1484 1582
1590 1550 1699
4029 1467 1540
3139 1573 1688
3201 1439 1589
6118 1539 1597
15 1478 1599
3212 1579 1660
2585 1454 1557
2171 1358 1657
5669 1426 1551
4737 1449 1544
4063 1418 1545
4923 1426 1636
3546 1520 1686
1873 1169 1601
5908 1576 1704
2151 1408 1525
6045 1565 1718
3645 1565 1674
3235 1432 1587
5754 1481 1527
5104 1432 1581
4337 1414 1552
2602 1549 1722
4323 1427 1676
6200 1553 1639
2991 1544 1601
5676 1531 1537
3765 1557 1643
5899 1432 1569
3144 1543 1576
4466 1453 1593
4288 1456 1548
50 1509 1524
5622 1401 1679
2855 1456 1590
2662 1464 1584
4184 1423 1549
3957 1556 1661
5907 1384 1676
1476 1451 1580
3763 1525 1564
3113 1454 1543
1288 1553 1698
4333 1466 1577
2071 1530 1572
2286 1575 1718
3291 1434 1621
54 1447 1609
1700 1058 1628
5717 1543 1565
3040 1416 1577
399 1558 1649
4588 1433 1619
5056 1544 1563
14 1574 1679
5767 1391 1680
5983 1518 1527
1094 1431 1566
3022 1571 1708
2177 1559 1671
522 1484 1532
192 1489 1527
3997 1557 1732
224 1476 1569
3695 1523 1527
5098 1567 1708
6232 1421 1671
4186 1522 1693
2312 1450 1599
4010 1540 1565
5394 1549 1627
719 1361 1662
684 1554 1644
4406 1434 1547
6244 1538 1554
4076 1455 1578
868 1461 1560
3135 1527 1529
4826 1554 1640
5980 1574 1659
1394 1579 1687
1842 1552 1731
1510 1441 1577
492 1443 1587
1243 1183 1607
5210 1550 1691
1000 1586 1696
1004 1560 1648
22 1461 1542
1025 1482 1674
3369 1431 1577
1739 1526 1537
4402 1450 1605
1300 1524 1545
942 1396 1540
3194 1551 1724
2341 1543 1569
913 1480 1531
1710 1547 1701
5811 1420 1560
3011 1423 1622
1705 1471 1575
578 1435 1586
3504 1402 1637
5866 1527 1557
6055 1436 1617
5477 1550 1689
5230 1552 1665
5002 1579 1710
1801 1520 1528
1379 1369 1664
2079 1515 1693
4784 1520 1534
2389 1442 1591
2867 1549 1707
891 1447 1662
544 1453 1586
3621 1538 1571
821 1473 1542
711 1562 1656
5130 1445 1609
377 1437 1599
3071 1365 1671
297 1556 1685
4261 1523 1693
3805 1506 1521
0 1542 1569
3114 1438 1607
5869 1481 1585
3990 1121 1595
3000 1511 1534
5948 1487 1557
2327 1570 1688
5095 1553 1707
5136 1574 1666
1296 1539 1576
2045 1426 1594
4503 1486 1679
1375 1429 1604
883 1466 1552
1876 1589 1769
3711 1414 1679
836 1572 1682
4793 1422 1624
1286 1006 1629
1865 1415 1683
3087 1460 1603
820 1476 1525
3879 1504 1523
243 1417 1642
3286 1482 1593
5085 1535 1548
2795 1404 1568
3244 1422 1577
4097 1575 1720
5107 1423 1555
3965 1433 1587
4602 1135 1586
5468 1402 1532
1882 1420 1568
5796 1417 1527
1963 1563 1716
5707 1365 1653
3967 1484 1529
2628 1453 1544
6190 1441 1573
1405 1391 1672
3985 1446 1560
5928 1437 1611
4560 1416 1683
6072 1418 1629
3995 1541 1594
1232 1560 1697
896 1441 1542
507 1562 1722
5439 1579 1657
214 1447 1545
889 1527 1569
3848 1561 1699
644 1573 1774
5200 1425 1619
4194 1538 1565
563 1566 1715
4931 1564 1706
3319 1466 1543
3102 1444 1595
977 1431 1613
2113 1558 1707
1501 1465 1589
2577 1515 1536
4615 1479 1587
6131 1494 1611
3607 1419 1542
2450 1534 1540
2194 1420 1569
1462 1552 1726
5871 1449 1568
5157 1565 1716
2612 1507 1688
2278 1555 1697
5874 1432 1563
3790 1351 1663
2807 1433 1579
5450 1460 1668
2356 1416 1558
5538 1555 1655
3043 1438 1589
987 1397 1685
4711 1550 1666
2759 1391 1644
2453 1577 1773
1165 1576 1667
1295 1021 1645
1879 1459 1538
3760 1461 1602
5138 1448 1669
1976 1540 1680
979 1541 1572
1268 1464 1539
3644 1467 1561
483 1518 1529
4768 1421 1624
2605 1526 1529
3264 1450 1583
246 1440 1612
5546 1569 1695
2248 1481 1685
3187 1551 1655
4917 1442 1670
1089 1131 1610
4836 1430 1633
904 1402 1544
5917 1547 1610
1465 1534 1581
2836 1427 1572
4511 1581 1683
2330 1422 1667
4448 1552 1635
2821 1441 1663
3891 1390 1679
2642 1376 1660
2002 1415 1546
5822 1586 1686
5660 1554 1636
1948 1441 1590
1995 1416 1522
1722 1524 1530
597 1564 1701
3860 1543 1550
4318 1557 1705
5244 1460 1584
3713 1577 1717
4157 1446 1599
2690 1432 1572
4440 1518 1539
4486 1425 1684
1741 1450 1675
5221 1542 1557
316 1580 1711
3259 1414 1565
494 1471 1589
5223 1481 1673
5590 1408 1563
2235 1379 1673
2582 1374 1645
4892 1379 1653
280 1455 1584
774 1483 1592
2360 1395 1676
4405 1081 1611
2149 1545 1613
3591 1507 1530
3527 1555 1696
840 1521 1540
1017 1560 1660
796 1488 1522
4435 1485 1566
5825 1564 1730
2252 1447 1543
631 1380 1649
5356 1500 1518
4636 1190 1615
5926 1466 1575
3053 1498 1687
2817 1529 1540
779 1425 1634
4910 1478 1572
1678 1466 1601
969 1574 1721
1393 1570 1657
2492 1488 1685
2987 1559 1714
3032 1427 1683
1752 1584 1663
3727 1444 1588
2699 1159 1713
4216 1560 1695
4200 1412 1635
996 1547 1732
2420 1465 1542
2202 1413 1690
5274 1379 1656
3924 1538 1586
4353 1559 1704
3285 1520 1688
4297 1509 1691
3898 1536 1557
3981 1560 1714
3822 1481 1679
2676 1552 1672
1596 1401 1635
2195 1405 1534
6251 1179 1601
2114 1451 1592
5084 1556 1662
1582 1556 1630
956 1426 1584
1294 1554 1634
4354 1358 1663
683 1568 1659
3171 1575 1654
2214 1565 1709
600 1035 1733
6105 1515 1535
5889 1575 1680
2020 1557 1639
980 1570 1650
943 1588 1684
3214 1420 1547
850 1446 1561
4320 1420 1544
6253 1410 1580
2072 1358 1649
4985 1581 1771
935 1582 1660
4670 1397 1649
1125 1560 1670
5770 1546 1622
729 1407 1530
2816 1527 1563
2950 1456 1596
1884 1554 1716
1651 1450 1669
1516 1359 1659
555 1429 1597
4785 1483 1525
1210 1582 1679
4235 1522 1546
146 1522 1528
6111 1588 1698
1540 1456 1599
3165 1555 1631
1222 1525 1554
802 1438 1605
25 1577 1701
3378 1544 1554
3433 1443 1559
4308 1550 1705
6174 1379 1658
3120 1464 1551
4475 1482 1672
1711 1477 1576
2095 1564 1688
2354 1578 1708
3956 1460 1537
837 1537 1541
1945 1533 1568
1845 1479 1673
456 1454 1591
6213 1419 1562
340 1454 1560
3800 1480 1594
4702 1523 1687
4501 1438 1592
1338 1561 1666
5695 1513 1523
968 1367 1659
5486 1577 1691
387 1469 1583
4992 1412 1530
5473 1187 1616
2544 1523 1690
3349 1572 1676
3363 1465 1549
1053 1589 1704
3576 1557 1638
5460 1426 1553
5427 1567 1710
2242 1400 1689
3584 1564 1721
5297 1534 1542
2762 1423 1635
3555 1460 1607
1478 1542 1576
2610 1504 1532
2289 1360 1645
2837 1556 1641
928 1585 1667
5955 1466 1673
4095 1202 1634
2086 1534 1558
1693 1476 1674
3225 1567 1667
2244 1516 1534
3426 1155 1592
1692 1434 1626
2824 1406 1675
2409 1398 1685
3336 1585 1769
444 1455 1587
3013 1541 1581
2696 1551 1648
3840 1455 1541
2432 1440 1569
5022 1090 1594
5683 1588 1747
5024 1501 1715
119 1517 1516
5324 1398 1574
4767 1498 1705
524 1109 1583
4098 1301 1574
4929 1547 1545
4745 1316 1559
4559 1605 1684
441 1421 1692
6203 1561 1760
3690 1536 1692
1346 1594 1704
5461 1602 1670
5152 1460 1528
4123 1372 1681
3873 1518 1701
2787 1504 1700
5814 1416 1606
5295 1590 1679
788 1383 1698
1807 1394 1529
1670 1398 1585
807 1402 1588
3109 1451 1526
5326 1576 1753
4283 1395 1627
1932 1102 1593
166 1562 1611
2760 1473 1719
1899 1584 1637
2947 1454 1680
4081 1146 1581
4688 1637 1668
4055 1588 1731
1891 1559 1598
3397 1354 1671
3465 1455 1679
5209 1604 1713
5734 1571 1786
5366 1602 1707
4591 1599 1683
737 1578 1758
3882 1171 1590
5608 1556 1562
4154 1562 1640
4657 1538 1704
307 1470 1524
2096 1089 1606
4208 1544 1547
5174 1036 1626
2099 1525 1521
3097 1592 1700
5101 1467 1691
3430 1591 1692
3224 1588 1753
443 1558 1619
4500 1538 1535
3795 1392 1546
3709 1303 1578
5471 1489 1687
1063 1591 1732
3676 1420 1615
3377 1492 1706
3899 1400 1550
516 1384 1540
638 1326 1548
2262 1483 1730
1209 1542 1700
37 1456 1708
4677 1550 1560
5150 1414 1586
3265 1145 1579
4387 1391 1526
1921 1578 1731
402 1476 1522
2 1579 1640
3722 1563 1630
188 1523 1711
5079 1402 1563
4928 1500 1702
233 1587 1663
709 1023 1637
5587 1559 1626
3044 1555 1591
3314 1561 1634
3160 1561 1744
3562 1535 1521
3345 1393 1548
241 1480 1694
1127 993 1629
3609 1603 1710
3078 1399 1573
2763 1591 1673
3551 1310 1550
2212 1489 1717
2919 1590 1673
3887 1472 1741
1152 1573 1796
4544 1497 1720
4005 1596 1777
4797 1529 1705
358 1602 1660
2834 1306 1565
6122 1062 1757
5842 1559 1751
299 1566 1800
1903 1309 1559
1191 1546 1690
5128 1320 1653
2466 1405 1547
2554 1376 1551
6012 1592 1650
2472 1419 1510
384 1515 1710
5192 1590 1652
1072 1552 1558
5595 1132 1575
3368 1559 1619
3316 1142 1576
5513 1414 1608
2082 1609 1705
2488 1562 1749
4140 1475 1517
5642 1589 1709
2459 1383 1552
951 1493 1719
5071 1400 1555
3977 1124 1578
6255 1564 1593
3496 1434 1537
2886 1402 1518
5406 1557 1757
2660 1596 1713
1680 1549 1538
5801 1574 1789
5651 1552 1601
3412 1489 1715
1960 1598 1713
2942 1594 1650
1012 1475 1519
6147 1553 1547
381 1601 1717
4149 1284 1525
2232 1534 1712
5090 1549 1580
5704 1406 1617
4521 1606 1667
339 1591 1693
4080 1415 1510
3251 1410 1511
3566 1327 1666
1428 1415 1515
3457 1459 1521
2063 1457 1682
590 1554 1796
509 1541 1534
3966 1435 1689
3505 1590 1750
1833 1537 1718
2478 1591 1697
2297 1317 1660
3818 1414 1705
1506 1431 1691
5402 1389 1546
2023 1437 1687
2218 1430 1539
5055 1460 1731
1509 1476 1715
2076 1401 1627
3933 1612 1670
326 1519 1713
3476 1609 1661
2487 1582 1757
4527 1497 1711
5381 1394 1530
6156 1463 1712
5971 1390 1544
4113 1016 1731
5308 1450 1532
4204 1487 1724
3085 1584 1782
2761 1544 1539
1259 1189 1693
990 1546 1545
888 1399 1618
3371 1538 1529
362 1400 1618
1132 1032 1531
2570 1152 1586
3638 1166 1693
971 1459 1530
1076 1523 1521
733 1549 1739
2382 1603 1658
5226 1297 1567
1763 1598 1666
911 1632 1671
5392 1505 1712
61 1004 1721
2579 1483 1516
4721 1604 1717
872 1545 1577
1377 1346 1670
2384 1550 1604
206 1280 1525
1502 1522 1705
2117 1492 1713
4147 1584 1733
5786 1518 1713
5373 1449 1688
5397 1399 1701
4144 1477 1727
3993 1381 1536
4305 1535 1532
1116 1438 1532
2223 1320 1651
1224 1588 1787
5880 1426 1702
343 1405 1710
2089 1041 1523
5774 1432 1698
1554 1630 1664
659 1434 1543
4730 1502 1516
5600 1398 1584
2708 1413 1713
5014 1547 1576
5905 1347 1656
4554 1555 1573
469 1468 1681
1563 1473 1708
767 1551 1536
1247 1322 1669
918 1400 1629
408 1527 1521
6016 1401 1588
5438 1540 1528
1978 1409 1710
541 1558 1757
3587 1401 1586
2307 1369 1684
2890 1592 1745
1507 1541 1533
797 1597 1781
2250 1552 1754
4142 1472 1723
4780 1446 1537
736 1390 1690
5169 1470 1680
4574 1484 1716
587 1560 1619
5771 1567 1649
4306 1572 1743
4480 1579 1740
3773 1186 1600
4609 1592 1692
5354 1551 1573
5405 1489 1693
3703 1410 1589
35 1545 1589
1852 1395 1622
4359 1033 1539
6098 1555 1759
4568 1619 1666
2344 1465 1518
5332 1577 1749
3099 1441 1540
717 1322 1666
4514 1293 1537
4827 1166 1679
314 1546 1531
2285 1449 1680
5941 1410 1509
3373 1195 1677
421 1373 1683
5950 1621 1666
4307 1613 1691
3347 1578 1761
2380 1175 1583
5043 1549 1537
861 1042 1624
1097 1465 1691
5847 1343 1659
556 1598 1673
1193 976 1660
5819 1608 1670
743 1601 1673
105 1399 1575
1653 1556 1621
3723 1406 1629
554 1536 1697
4907 1553 1746
1067 1518 1516
1719 1599 1681
6155 1456 1727
5867 1388 1537
5530 1612 1656
4749 1583 1746
2148 1487 1688
2735 1452 1687
822 1507 1715
3594 1589 1678
3712 1398 1555
4611 1475 1722
2846 1408 1717
2310 1545 1594
6194 1569 1762
268 1169 1709
131 1462 1708
3836 1589 1727
4915 997 1625
2568 1461 1685
3647 1556 1753
4384 1594 1706
3740 1567 1641
1418 1575 1751
2731 1549 1531
4438 1551 1796
3089 1385 1524
5254 1108 1594
5942 1599 1705
4421 1615 1658
700 1406 1578
960 1400 1510
1260 1492 1712
4704 1587 1651
2891 1401 1522
3775 1185 1602
2034 1327 1552
4683 1459 1676
3145 1503 1701
2186 1554 1609
3007 1295 1538
3420 1594 1730
1568 1545 1592
2743 1467 1711
1383 1412 1614
5923 1462 1524
1986 1441 1528
5995 1428 1614
2809 1585 1719
4912 1495 1517
510 1560 1761
3256 1405 1616
5187 1641 1668
2208 1544 1548
2909 1569 1737
4092 1461 1716
4456 1475 1687
249 1595 1697
3116 1592 1721
2619 1393 1519
5580 1507 1705
1904 1591 1748
1689 1072 1598
6128 1555 1582
3 1412 1703
2707 1469 1709
1781 1464 1709
306 1352 1684
4580 1551 1566
1949 1412 1610
5369 1540 1687
1576 1441 1531
486 1382 1544
1762 1416 1705
5434 1514 1705
5671 1573 1748
4789 1400 1695
5566 1195 1599
1425 1485 1697
4717 1469 1722
4277 1552 1538
5118 1554 1592
197 1597 1684
361 1426 1694
2115 976 1676
1385 1597 1669
4695 1517 1702
1527 1576 1761
5788 1535 1523
5215 1475 1516
2422 1534 1695
491 1001 1704
4041 1533 1531
845 1611 1689
3897 1573 1761
2476 1554 1790
4073 1526 1709
1360 976 1672
3980 1486 1724
2319 1454 1522
5525 1394 1514
3452 1623 1669
174 1321 1556
975 1576 1791
828 1522 1702
3582 1561 1624
4858 1408 1628
5709 1339 1648
144 1599 1706
1802 1311 1560
3033 1472 1691
5863 1611 1668
3841 1400 1707
4891 1569 1649
4922 1296 1523
193 1283 1533
3718 1563 1607
899 1454 1729
5779 1425 1689
1797 1581 1746
5183 1382 1684
3490 1507 1703
1049 1590 1668
3877 1387 1528
2122 1399 1591
2744 1477 1717
2758 1035 1537
5929 1207 1721
4660 1562 1625
4468 1436 1533
5070 1341 1676
1912 1587 1715
5148 1421 1515
2075 1559 1566
140 1581 1730
5802 1474 1687
4967 1597 1665
3270 1123 1585
972 1568 1649
2428 1505 1693
1947 1410 1508
2859 1406 1515
4986 1589 1648
698 1587 1787
1469 1529 1703
5339 1551 1538
4056 1542 1532
3361 1046 1523
5795 1452 1523
5854 1415 1620
2978 1595 1671
4091 1398 1553
2938 1197 1600
6054 1513 1520
1020 1579 1741
4621 1385 1549
1091 1532 1691
5860 1084 1604
4697 1584 1751
3857 1411 1695
6239 1361 1681
5906 1486 1726
3641 1368 1683
1029 1424 1609
3255 1488 1712
1332 1627 1663
1702 1553 1544
87 1443 1532
3093 1404 1550
1365 1384 1554
2578 1598 1687
4067 1588 1640
3978 1401 1562
3742 1605 1700
2806 1591 1656
5690 1591 1700
4582 1549 1590
190 1331 1644
4733 1581 1647
4543 1585 1753
890 1515 1700
422 1546 1551
4259 1551 1561
4776 1040 1530
2125 1583 1648
2839 1625 1663
5413 1561 1644
4665 1595 1773
5761 1397 1551
6011 1419 1623
3988 1552 1593
5970 1556 1544
3205 1381 1547
3743 1547 1605
1153 1441 1688
4013 1592 1777
5393 1583 1739
2796 1594 1720
1246 1426 1693
2792 1532 1700
4118 1517 1512
1018 1445 1535
3392 1592 1746
3928 1010 1704
3827 1505 1714
1172 1427 1707
496 1590 1686
3253 1073 1603
4820 1605 1675
3305 1471 1519
5627 1574 1760
3894 1531 1709
5188 1565 1755
4620 1459 1518
4994 1593 1716
754 1153 1583
6220 1534 1530
4109 1298 1563
6208 1396 1516
3628 1585 1656
3915 1594 1690
4976 1345 1676
2388 1499 1701
4334 1406 1518
3008 1545 1531
1070 1336 1668
557 1510 1705
583 1590 1712
2412 1483 1723
1785 1304 1579
3308 1554 1793
2175 1083 1599
2483 1590 1656
2316 1401 1699
2813 1626 1668
4177 1540 1699
3303 1555 1559
4614 1379 1543
4060 1343 1651
5041 1604 1657
4379 1408 1620
5277 1530 1705
5149 1608 1676
5637 1560 1634
770 1554 1541
5821 1402 1517
5682 1605 1654
2464 1327 1650
4103 1474 1735
3528 1592 1716
225 1323 1564
2052 1601 1675
3710 1555 1590
5679 1594 1711
2810 1601 1651
3500 1530 1526
3585 1591 1721
2936 1557 1623
389 1598 1712
2469 1390 1526
5646 1593 1718
4761 1570 1648
4772 1533 1711
1027 1599 1654
3780 1464 1695
3705 1386 1551
4585 1440 1534
185 1472 1522
5968 1585 1650
4643 1589 1724
4813 1488 1688
3529 1373 1684
5404 1422 1605
2182 1555 1746
4042 1588 1715
504 1338 1657
438 1555 1801
84 1589 1705
3278 1181 1679
4187 1385 1535
1258 1459 1699
3908 1524 1707
1843 1607 1660
1929 1608 1656
3206 1457 1522
4578 1430 1694
4562 1532 1520
5019 1594 1681
2198 1553 1566
3970 1374 1547
591 1562 1615
5951 1487 1718
3429 988 1627
5817 1578 1785
2001 1036 1537
5837 1601 1700
2136 1557 1577
1115 1541 1541
2486 1490 1719
593 1422 1541
2521 1353 1641
6082 1476 1716
1402 1420 1513
5746 1574 1784
1731 1535 1520
2904 1541 1710
2143 1497 1695
2977 1549 1564
2626 1395 1690
3738 1577 1789
2923 1464 1684
3719 1495 1709
2711 1042 1523
5012 1566 1746
2460 1550 1605
1526 1382 1534
4719 1472 1694
1890 1559 1557
5459 1549 1600
4287 1586 1658
1098 1598 1688
2583 1152 1581
2269 1537 1689
2941 1458 1681
1927 1396 1587
2153 1514 1707
2756 1442 1526
692 1556 1558
3761 1522 1515
5992 1528 1525
493 1536 1527
1748 1454 1531
4960 1610 1704
1363 1400 1552
5086 1184 1594
3614 1541 1538
448 1550 1598
304 1412 1519
5680 1349 1666
5175 1598 1706
4982 1529 1694
4372 1612 1671
3173 1045 1737
5410 1396 1556
4975 1344 1657
5539 1309 1562
2197 1586 1651
6151 1574 1744
2863 1574 1735
1954 1423 1606
5059 1589 1656
4355 1601 1696
3462 1595 1784
5552 1589 1685
1077 1596 1736
4383 1597 1702
4160 1547 1584
1443 1147 1577
3778 1599 1690
5411 1469 1692
39 1510 1702
2684 1548 1547
5843 1619 1670
1182 1200 1699
4083 1546 1556
5360 1603 1678
2272 1478 1709
5991 1563 1788
4375 1534 1705
433 1373 1682
4426 1180 1669
844 1624 1663
4043 1139 1572
74 1547 1583
1936 1289 1524
3745 1611 1667
5341 1604 1704
1234 1578 1649
4641 1326 1670
1461 1415 1593
342 1633 1670
1715 1586 1749
2556 1383 1529
1716 975 1652
3138 1398 1696
654 1479 1692
4955 1601 1771
559 1574 1740
752 1547 1797
2070 1563 1646
5156 1412 1587
1456 1401 1560
1709 1579 1784
3608 1383 1525
1419 1487 1692
4396 1429 1705
2126 1476 1740
4153 1556 1789
646 1588 1712
5181 1381 1528
4706 1131 1561
4165 1442 1711
5647 1512 1725
568 1551 1522
3616 1027 1528
4128 1071 1570
3238 1297 1500
1055 1326 1577
5911 1600 1761
5239 1372 1702
4716 1603 1781
974 1388 1625
5993 1376 1698
6210 1599 1792
3717 1362 1566
1205 1565 1551
5400 1047 1579
2728 1569 1626
1835 1301 1525
1370 1110 1576
5634 1108 1565
5487 1392 1728
4313 1456 1739
3601 1618 1684
5500 1543 1811
4478 1105 1563
706 1588 1756
849 1321 1583
1662 1311 1683
3696 1604 1743
3054 1429 1531
4631 1611 1770
3809 1546 1521
2053 1629 1646
6245 1551 1519
154 1548 1768
5931 1646 1658
1437 1568 1538
1697 1657 1669
5706 1565 1564
5321 1356 1555
5813 990 1618
5996 1345 1622
4316 1563 1585
4662 1606 1773
1082 1272 1538
3358 1394 1591
5288 1360 1638
4121 1298 1643
998 1422 1536
183 1285 1516
6048 1601 1761
355 1390 1632
3813 1365 1508
3806 1331 1548
827 1309 1606
1039 1548 1529
4838 1389 1620
1291 1342 1563
4025 1565 1576
4240 1012 1598
2889 1594 1746
5954 1415 1504
3835 1345 1610
1126 1533 1740
4949 1598 1764
2299 1622 1714
2522 1304 1596
5470 1318 1697
5285 1612 1766
948 1382 1701
5206 1442 1697
5264 1605 1745
4592 1312 1638
5454 1615 1641
4484 1577 1641
3797 1569 1613
2506 1374 1510
2068 1608 1711
4853 1575 1582
6202 1187 1583
2333 1296 1539
414 1615 1708
5666 1647 1678
3842 1627 1655
4054 1643 1692
5202 1636 1697
664 995 1606
2411 1635 1698
415 1565 1590
546 1020 1535
5033 1601 1637
1178 1309 1543
4021 1404 1736
667 1531 1730
5760 1267 1515
3674 1410 1728
829 1394 1733
3678 1381 1512
4819 1282 1560
5888 1621 1713
4843 1399 1608
152 1564 1590
4587 1542 1733
5017 1599 1741
841 1571 1591
1780 1414 1496
3892 1601 1744
1354 1338 1595
1356 1430 1529
5649 1321 1522
4410 1602 1740
2049 1331 1600
94 1280 1555
5712 1339 1613
5164 1050 1602
5447 1408 1746
5062 1264 1536
730 1371 1701
5186 1390 1566
3050 1454 1751
3652 1315 1514
1123 1624 1690
1984 1220 1630
3131 1435 1705
617 1539 1737
1775 1360 1526
4845 1627 1654
5027 1656 1675
3796 1428 1533
4925 1357 1556
5023 1655 1662
6168 1425 1729
1030 1638 1688
5696 1378 1497
4266 1564 1570
1162 1068 1560
586 1625 1690
1804 1646 1675
3456 1355 1570
5052 1454 1754
3725 1391 1594
293 1500 1727
748 1324 1592
2933 1447 1508
2638 1559 1524
4112 1289 1504
3293 1573 1767
6029 1287 1587
3219 1375 1726
4798 1442 1705
1093 1373 1700
1154 1565 1538
2586 1661 1661
3854 1399 1610
620 1520 1509
5106 1069 1569
2751 1320 1682
1799 1647 1674
4286 1632 1693
3070 1413 1505
6231 1390 1721
4791 1346 1555
503 1401 1496
147 1381 1568
2882 1610 1773
6123 1562 1591
5765 1596 1763
3170 1608 1771
3261 1400 1501
2721 1615 1717
5401 1331 1621
4449 1356 1630
5959 1338 1566
2423 1378 1520
2480 1340 1570
6193 965 1653
3091 1527 1504
5629 1561 1582
120 1570 1617
4434 1506 1721
5990 1567 1638
2311 1049 1539
365 1428 1726
3388 1561 1529
6120 987 1609
5005 1340 1618
5806 1096 1558
846 1629 1684
298 1538 1738
348 1015 1590
5142 1616 1712
1229 1342 1693
4570 1280 1501
1642 1649 1687
4294 1295 1608
873 1574 1588
762 1633 1657
1521 1362 1534
3847 1020 1614
6126 1413 1502
3661 1376 1518
1952 1265 1547
5347 1384 1562
6236 1445 1514
5099 1657 1668
4117 1350 1616
2324 1293 1564
1378 1338 1601
3069 1381 1640
2681 1288 1506
882 1606 1740
3960 1485 1700
1579 1374 1714
4722 1208 1647
351 1552 1761
2898 1598 1760
1634 1309 1545
3862 1621 1680
5735 1552 1527
3874 1609 1720
3921 989 1695
237 1602 1642
1351 1429 1519
3445 1510 1720
3949 1609 1736
4566 1271 1537
1003 1627 1704
2715 1587 1798
4433 1599 1636
5134 1642 1647
436 1441 1516
1167 1434 1717
921 1313 1524
1559 1336 1551
292 1548 1805
65 1278 1597
2445 1513 1728
1757 1478 1697
257 1623 1684
5255 1211 1607
260 1412 1497
2018 1633 1700
1913 1600 1644
5242 1522 1510
2448 1609 1639
1823 1368 1750
720 1650 1671
3048 1595 1631
82 1513 1715
1081 1374 1543
715 1632 1679
4930 1304 1674
1765 1372 1528
1922 1268 1532
1643 1307 1531
5253 1389 1595
5072 1393 1510
1672 1407 1498
5013 1556 1771
2347 1389 1513
3473 1611 1780
3794 1402 1492
950 1324 1563
1398 1543 1523
432 1542 1802
5723 1568 1545
5112 1436 1515
4032 1376 1563
560 1367 1521
5963 1569 1559
3627 1277 1569
5870 1339 1561
5547 1437 1513
5280 1554 1779
1410 1616 1693
4408 1571 1613
946 1615 1710
4565 1541 1745
4773 1361 1548
1408 1396 1509
5211 1347 1633
179 1046 1514
2211 1569 1806
3694 1332 1577
2537 1587 1637
3953 1285 1571
4239 1208 1629
3716 1368 1521
1120 1369 1732
4607 1338 1563
2801 1525 1735
4419 1388 1570
5999 1588 1639
2332 1456 1518
172 1602 1736
2631 1374 1707
277 1641 1664
4571 1526 1721
3375 1606 1729
2441 1048 1615
2083 1045 1515
4832 1394 1602
573 1321 1691
5089 1384 1626
2580 1555 1526
72 1358 1554
5772 1318 1579
4489 1613 1717
4605 1625 1707
1626 1561 1545
2345 1347 1562
1667 1622 1715
3481 1434 1520
1911 1385 1495
2081 1342 1552
3991 1548 1812
4441 1423 1532
5581 1547 1515
4195 1537 1517
6179 1651 1653
4016 1532 1512
1721 1395 1499
5611 1281 1576
5224 1610 1643
3767 1661 1660
813 1283 1574
2937 1590 1755
3766 1578 1591
426 1450 1716
267 1616 1689
235 1571 1603
3549 1589 1765
2168 1392 1570
1489 1327 1571
5034 1618 1678
4596 1432 1528
5542 1551 1808
373 1395 1722
5514 1624 1689
427 1272 1593
5922 1368 1635
1519 1048 1594
2003 1313 1689
4748 1277 1548
3516 1373 1507
4799 1645 1651
5469 1613 1675
5654 1524 1716
3557 1262 1542
992 1460 1507
5289 1050 1607
4065 1354 1563
2213 1302 1543
811 1308 1510
1038 1634 1688
724 1529 1718
5496 1581 1576
1973 1572 1565
5932 1564 1769
4746 1379 1509
1569 1452 1700
2510 1450 1518
5476 1552 1765
4782 1442 1721
4045 1471 1511
2296 1458 1509
1376 1310 1661
1811 972 1671
2649 1367 1553
2962 1536 1517
5250 1616 1724
3323 1621 1645
5309 1363 1550
2108 1120 1550
4380 1397 1729
4851 1513 1725
1587 1371 1693
2990 1385 1640
1010 1438 1706
2888 1624 1672
4506 1597 1751
5827 1448 1507
141 1556 1531
3127 1572 1771
1821 1372 1550
5001 1546 1526
1575 1132 1555
4705 1596 1749
2254 1349 1549
2169 1656 1664
2543 1393 1491
4392 1273 1546
1359 1058 1596
2393 1384 1514
5881 1390 1504
824 1064 1593
2565 1616 1711
1095 1157 1564
1730 1310 1542
1600 1597 1742
3699 1291 1505
4707 1376 1542
2050 1620 1689
5231 1648 1652
4432 1405 1496
4232 1570 1559
4322 1611 1647
5243 1340 1613
2326 1209 1620
4792 1361 1526
5203 1314 1595
3463 1616 1714
2066 1268 1527
2397 1527 1728
2369 1627 1649
252 1598 1632
826 1561 1588
2595 1420 1718
4102 1614 1695
886 1127 1566
703 1309 1587
4369 1311 1543
2732 1421 1718
6219 1622 1716
3298 1562 1593
6144 1620 1678
986 1615 1724
4222 1185 1582
1013 1314 1517
474 1443 1699
565 1057 1536
3698 1565 1544
2534 1386 1503
4862 1543 1721
4953 1337 1625
5975 1611 1781
4494 1610 1736
773 1300 1541
3284 1329 1638
952 1537 1742
5133 1362 1516
612 1388 1743
3126 1386 1513
4391 1321 1609
4196 1291 1545
1417 1609 1775
3833 1615 1672
6171 1421 1499
2591 1557 1775
693 1225 1714
3615 1572 1563
4533 1114 1563
518 1541 1726
262 1395 1572
452 1417 1744
148 1539 1726
3118 1623 1673
1200 1518 1732
4546 1451 1520
3526 1527 1509
2645 1560 1530
308 1617 1724
3610 1621 1695
2061 1440 1520
5897 1433 1526
4909 1642 1682
2849 1376 1498
1117 1531 1725
153 1384 1633
1432 1560 1586
5708 1295 1495
4801 1410 1495
3066 1642 1681
2571 1286 1550
1031 1575 1802
5846 1564 1538
213 1598 1754
650 1275 1593
473 1655 1674
5645 1393 1509
6166 1103 1553
1585 1459 1745
4300 1605 1642
1035 1439 1520
4676 1593 1760
3245 1355 1556
89 1032 1523
2322 1424 1732
3056 1596 1790
5270 1357 1551
3688 1440 1510
5787 1368 1759
1217 1304 1529
633 1385 1501
1233 1369 1506
2811 1557 1771
1212 966 1667
1 1287 1499
621 1338 1560
5060 1262 1537
1918 1582 1575
5558 1462 1512
3730 1294 1510
3905 1565 1599
949 1561 1536
6093 1552 1805
6159 1385 1620
1473 1553 1527
145 1333 1621
2691 1307 1628
442 1629 1673
5154 1550 1517
5794 1442 1701
973 1460 1695
1014 1397 1504
4394 1467 1744
4046 1376 1543
5919 1478 1513
505 1283 1546
744 1548 1773
3721 1331 1556
368 1280 1565
2520 1311 1512
5422 1053 1557
2545 1561 1771
3679 1645 1689
3682 1371 1502
3787 1637 1683
3620 1315 1606
5281 1425 1531
2828 1414 1494
2013 1612 1733
2132 1435 1517
330 1614 1730
1396 1309 1516
2784 1321 1521
795 1575 1586
4471 1282 1675
924 1269 1522
4234 1409 1501
781 1653 1656
1595 1302 1507
2976 1358 1640
270 1507 1728
1150 1652 1684
4771 1369 1520
5544 1526 1508
1682 1276 1545
475 1312 1506
6065 1360 1689
2036 1334 1579
3220 1381 1509
3569 1544 1730
5986 1626 1691
5015 1565 1557
182 1455 1751
6009 1453 1512
3972 1373 1630
1344 1142 1559
4346 1393 1573
1704 1539 1732
4947 1357 1625
2714 1638 1654
5733 1631 1683
511 1598 1761
3807 1599 1749
263 1658 1678
5610 1533 1734
2375 1514 1717
2539 1632 1649
3149 1640 1677
4630 1620 1717
1019 1303 1669
2536 1366 1686
34 1341 1611
3128 1651 1654
4209 1397 1505
571 1558 1593
4608 1434 1526
3602 1357 1560
2184 1614 1674
2986 1200 1600
991 1558 1583
1391 1382 1517
853 1527 1514
1977 1622 1677
1170 1569 1639
2387 1375 1564
3051 1561 1593
4788 994 1606
810 1051 1597
5357 1611 1735
4031 1529 1729
2399 1041 1600
1285 1212 1642
5681 1462 1744
4606 1305 1604
5299 1654 1682
2819 1337 1688
1514 1394 1772
966 1580 1804
1636 1613 1678
2924 1380 1590
3217 1569 1573
175 1571 1631
4101 1648 1686
4312 1163 1571
5464 1210 1678
1768 1364 1566
2405 1639 1672
4230 1614 1701
2840 1413 1735
1062 1384 1736
4171 1280 1502
3438 1326 1627
5358 1450 1511
3502 1418 1730
4285 1412 1500
2808 1305 1537
832 1285 1558
5111 1560 1573
3322 1600 1784
920 1556 1587
2199 1561 1561
3279 1364 1636
2892 1519 1507
4564 1388 1629
5625 1614 1682
2191 1279 1553
1011 1652 1668
584 1445 1517
4183 1032 1609
3561 1648 1654
2139 1387 1630
4037 1563 1580
4479 1485 1702
2652 1456 1693
1766 995 1608
4268 1318 1578
5442 1560 1548
1677 1559 1807
2785 1362 1557
3598 1527 1727
768 1601 1786
3568 1659 1669
3626 1599 1737
1548 1397 1734
5325 1467 1512
1470 1329 1566
4581 1644 1691
2439 1408 1500
4640 1339 1604
3451 1378 1557
2043 1484 1698
5045 1433 1713
5189 1211 1620
4549 1371 1626
3239 973 1634
2703 1159 1563
4023 1559 1569
917 1583 1800
2024 1516 1508
1242 1431 1707
3460 1029 1611
4226 1612 1702
208 1336 1552
122 1616 1728
500 1370 1552
191 1531 1736
3935 1309 1604
1836 1365 1699
134 1193 1664
4213 1282 1515
4535 1509 1729
5423 1035 1761
645 1608 1647
2300 1408 1497
4572 1348 1551
5606 1381 1625
923 967 1666
3300 1566 1582
3195 1116 1572
1395 1567 1582
927 1605 1743
4188 1457 1518
2798 1098 1580
404 1198 1658
3143 1571 1619
6230 1425 1533
5640 1605 1735
1787 1138 1551
3018 1362 1763
4871 1500 1722
3304 1653 1666
5135 1334 1582
989 1346 1688
4176 1273 1566
5509 1000 1610
2511 1594 1752
1122 1329 1694
3399 969 1650
3227 1567 1616
4777 1315 1620
2738 1450 1693
1320 1361 1634
1951 1157 1570
2366 1597 1764
158 1558 1805
3299 1448 1517
4617 1642 1665
6164 1223 1624
4857 1068 1541
5158 1603 1747
3211 1619 1715
2165 1537 1726
791 1607 1749
6073 1289 1673
5663 1300 1527
3062 1560 1591
254 1279 1521
231 1371 1510
4647 1646 1661
1087 1392 1772
3096 1664 1666
1816 1433 1720
695 1377 1533
5234 1628 1681
1364 1558 1581
2552 1064 1561
1997 983 1614
1898 1618 1711
1381 1377 1496
3871 1572 1548
4273 1620 1643
5812 1632 1692
540 1384 1511
3572 1573 1635
149 1031 1619
1699 1539 1514
4804 1645 1691
3632 1651 1681
291 1625 1704
4068 1364 1532
4499 1372 1506
2599 1563 1589
81 1377 1763
2154 1082 1592
3564 1184 1666
2706 1561 1541
4086 1406 1493
125 1367 1513
4958 1567 1588
1166 1420 1725
5 1569 1617
3531 1421 1725
1275 1433 1714
2505 1572 1620
4400 1592 1797
5474 1602 1640
1231 1295 1510
4821 1614 1640
5083 1625 1696
670 1646 1682
3488 1454 1514
285 1332 1602
6044 1518 1506
430 1371 1547
3844 1315 1519
2636 1571 1553
1826 1599 1635
2008 1359 1623
4786 1341 1640
2290 1272 1524
203 1648 1657
2632 1600 1762
5162 1544 1736
1266 1617 1688
5883 1514 1720
3470 1528 1515
5693 1280 1551
2291 1521 1505
1840 1345 1691
4648 1063 1550
3599 1447 1710
5213 1064 1564
1250 1552 1520
4510 1508 1717
6071 1339 1565
3072 1308 1632
2150 1565 1623
958 1072 1548
2860 1392 1607
4895 1437 1514
3424 1390 1562
6188 1560 1549
2470 1393 1493
3246 1613 1647
4442 1299 1605
4963 1565 1618
772 1571 1610
4201 1390 1623
3839 1342 1604
716 1609 1737
4414 994 1734
322 1558 1591
2802 1641 1652
4162 1298 1543
995 1319 1623
3223 1543 1520
531 1389 1716
674 1316 1582
1289 1337 1598
1206 1567 1634
1342 1304 1533
4403 1626 1687
932 1437 1516
4526 1366 1535
786 1658 1657
4027 1639 1695
2804 1039 1511
3728 1307 1501
1399 1562 1543
2046 1405 1752
5140 1638 1679
4656 1262 1548
627 1566 1557
5161 1295 1513
107 1140 1568
5377 1304 1523
4150 1582 1798
4447 1299 1520
865 1613 1728
212 1539 1733
3914 1280 1594
4639 1364 1637
3321 1039 1606
3501 1368 1564
3876 1311 1659
4141 1527 1729
624 1651 1679
4430 1322 1570
5431 1324 1616
3904 1484 1514
1040 1443 1704
4593 1063 1590
497 1566 1631
5619 1382 1731
5877 1371 1637
1988 1617 1726
1962 1549 1526
616 1575 1805
5348 1304 1518
1961 1640 1694
4729 1361 1631
3571 1614 1726
4284 1108 1555
2727 1571 1620
5722 1589 1796
1411 1367 1511
1151 1562 1566
4378 1341 1701
502 1352 1568
2313 1629 1694
2363 1609 1712
4399 1361 1521
4412 1456 1513
3667 1627 1699
4674 1413 1776
4075 1341 1593
4299 1310 1483
1551 1634 1716
1638 1356 1609
272 1603 1796
5115 1619 1641
2256 1579 1632
5011 1594 1805
3700 1553 1782
1570 1462 1495
8 978 1699
4837 1378 1599
29 1668 1657
1463 1260 1679
3589 1647 1641
1454 1571 1539
271 1343 1454
2972 1562 1527
1358 1616 1635
3038 1050 1550
2740 1650 1690
1427 1312 1533
1621 1285 1699
2794 1352 1469
4518 1414 1485
549 1623 1637
5591 1234 1636
2335 1453 1766
3414 1272 1615
1130 1574 1564
999 1345 1467
3202 1383 1478
1202 1431 1788
3580 1358 1765
4241 1347 1482
567 1313 1494
4516 1006 1582
2589 1557 1820
6139 1648 1639
4610 1318 1475
4669 1579 1806
2569 1543 1749
4260 1300 1653
4604 1515 1873
321 1588 1583
1560 1427 1515
2440 1427 1499
2263 1343 1472
2683 1351 1498
2657 1263 1562
4634 1334 1464
3737 1530 1752
184 1017 1605
1846 1267 1508
5292 1324 1711
5455 1400 1474
1401 1504 1738
5887 1286 1492
395 1353 1709
2495 983 1720
5585 1581 1635
3342 1334 1498
2239 1594 1798
2830 1363 1793
4482 1313 1475
1329 978 1714
3597 1036 1508
3954 1337 1472
799 1641 1642
5962 1362 1492
4553 1593 1799
1118 1589 1574
4962 1427 1774
3027 1618 1729
4563 1370 1598
1829 1419 1750
5829 1639 1699
4612 1371 1577
349 1355 1486
2403 1440 1746
878 1365 1605
3686 1619 1730
1542 1010 1573
3254 1610 1627
1810 1667 1652
2651 1338 1537
472 1495 1859
4319 1428 1506
6049 1333 1533
2400 1584 1582
3031 1598 1628
2255 1251 1554
3649 1358 1750
2060 1613 1787
3755 1025 1594
5725 971 1609
3511 1537 1507
2745 1538 1823
5425 1352 1617
5692 1431 1764
450 1576 1615
3942 1532 1498
4099 1014 1574
5830 1584 1542
5432 1652 1701
2359 1510 1515
1788 1328 1508
3174 1378 1575
4818 1611 1627
1409 1343 1545
3955 1489 1741
369 1582 1542
2022 1149 1555
2845 1670 1655
6141 1111 1538
2172 1408 1482
2219 1588 1587
3573 1576 1633
3646 1378 1577
4457 1416 1785
1263 1326 1483
167 1438 1759
3423 1350 1603
6040 1499 1515
5190 1545 1758
1753 1630 1723
3938 1367 1454
1455 1336 1529
2217 1345 1490
2827 1038 1588
4874 1327 1506
4802 1216 1654
3803 1622 1724
2614 1247 1607
4066 1340 1479
5873 1271 1498
4712 1348 1464
5494 1426 1749
2325 1329 1488
3514 1631 1717
5370 1584 1571
5248 1504 1731
3808 1518 1740
108 1377 1482
1426 1503 1871
1934 1609 1750
6224 1268 1683
2098 1336 1513
4136 1068 1528
1815 1406 1477
2624 1230 1604
5715 963 1634
2971 1025 1584
5984 1561 1522
2152 1411 1492
2383 1352 1592
3383 1593 1806
6077 1385 1475
4824 1274 1614
4957 1440 1507
1161 1386 1474
4977 1349 1478
5741 1647 1694
2716 1573 1817
1504 1639 1703
1416 1354 1469
1530 1332 1476
5719 1621 1777
1925 1022 1516
4752 1628 1766
4341 1338 1541
5507 1406 1484
3172 1277 1623
4206 1360 1574
3421 1524 1499
2275 1372 1457
4672 1309 1496
5714 1288 1625
5803 1570 1530
3508 1646 1694
5102 1669 1665
5953 1419 1751
3651 1627 1769
789 1335 1491
4575 1616 1753
5639 1347 1622
3859 1076 1528
3825 1521 1499
912 1168 1563
2672 1376 1581
639 1498 1874
5376 1610 1636
83 1036 1576
6152 1329 1467
3480 1611 1743
548 1336 1499
1794 1521 1744
3094 989 1584
566 1638 1636
3708 1552 1511
817 1368 1610
1561 1360 1502
6089 1280 1687
1024 1500 1737
1112 1347 1541
3150 997 1579
2697 1076 1533
2188 1582 1589
508 1258 1530
4190 1268 1613
5232 1424 1510
2481 1622 1717
1203 1582 1555
4805 1314 1498
3593 1636 1703
5343 1436 1497
3998 1603 1621
5240 1052 1544
5721 1329 1522
2670 1380 1462
5836 1597 1628
4262 1365 1477
6003 1369 1461
1878 1327 1513
897 1577 1576
5769 1009 1735
3499 1380 1597
1727 1513 1511
5267 1670 1680
2196 1414 1762
4552 1512 1741
5937 1345 1503
628 1514 1874
1990 1128 1531
4120 1583 1599
5644 1257 1553
1599 1517 1499
2678 1366 1599
5633 1494 1515
1966 1251 1535
73 1595 1569
470 992 1582
2920 1338 1480
1451 1636 1716
2204 1163 1562
3648 1326 1513
4328 967 1678
3386 1627 1633
2282 1154 1557
2702 1533 1827
3858 1586 1565
1007 1669 1647
945 1673 1664
2408 1351 1608
1825 1582 1636
2315 1499 1512
394 1332 1473
4834 1219 1606
2880 1583 1813
3123 1340 1493
289 1508 1511
5465 1263 1516
5251 1625 1713
2832 1541 1759
4918 1435 1756
2479 1250 1568
2402 1351 1530
3828 1043 1582
3861 1329 1456
303 1376 1469
1331 966 1676
3060 1530 1497
3754 1433 1503
5093 1368 1479
2766 1369 1459
1156 1330 1711
835 1665 1651
3341 1576 1603
5553 1366 1718
3604 1334 1478
6014 1357 1522
3595 1377 1481
138 1549 1823
4096 1562 1515
3413 1349 1602
5171 1287 1490
1066 1395 1486
3002 1359 1517
3669 1396 1478
5179 1575 1545
1105 1449 1734
5934 1336 1465
3105 1361 1782
985 1346 1460
5322 1585 1575
215 1361 1479
1606 1269 1626
2682 1625 1732
4362 1628 1718
12 1310 1474
5823 1655 1641
2042 1661 1649
1389 1537 1828
487 1580 1608
3346 1537 1827
4766 1373 1607
6069 1670 1665
4264 1282 1616
6083 1279 1493
526 1284 1486
1957 1664 1689
808 1578 1597
750 1321 1536
4178 1355 1499
227 1569 1521
2390 1364 1507
2131 1503 1865
2348 1211 1598
1439 1492 1741
4459 1413 1487
274 1259 1595
2710 1639 1638
1916 1581 1566
2475 1642 1708
5766 1625 1773
4064 1665 1646
5615 1570 1539
4126 1502 1854
665 1381 1485
3870 1568 1534
2073 1355 1595
5784 1354 1574
5574 1553 1508
4803 1589 1585
1022 1388 1484
4169 1667 1679
2677 1328 1486
2563 1268 1612
1857 1547 1814
4731 1353 1471
2885 1618 1783
4635 1581 1603
3154 1623 1629
4344 1583 1579
3973 1524 1496
222 1355 1511
1421 1332 1539
5768 1658 1696
1539 1444 1783
1885 1591 1568
4386 1621 1736
2549 1582 1543
4964 1327 1489
1818 1576 1532
2062 1572 1528
5420 1577 1620
4491 1542 1510
5097 1091 1532
4961 1374 1583
3884 1355 1455
5387 1330 1545
47 1372 1591
2555 1661 1645
5008 1659 1690
997 962 1671
5026 1616 1735
1586 1438 1757
1612 1627 1717
1650 1331 1520
5879 1438 1510
604 1366 1601
445 1374 1598
5838 1425 1503
2547 1320 1535
4726 1281 1611
5020 1619 1635
1236 1495 1514
2917 1333 1545
4599 1356 1526
5382 1357 1540
4747 1654 1705
1564 1481 1502
3427 1364 1478
5414 1415 1488
3004 1325 1480
3416 1604 1627
4 1335 1481
4896 1372 1720
6086 1487 1506
2418 1389 1480
5346 1524 1501
374 1273 1618
171 1505 1852
655 1116 1541
4849 1006 1589
4734 1399 1480
2635 1582 1595
63 1376 1480
3354 1588 1577
3366 1520 1742
964 1279 1490
100 1443 1787
3309 1082 1532
86 1575 1565
4331 1384 1615
2434 1248 1633
4740 1360 1494
5435 1672 1668
3752 1396 1483
3234 1347 1583
3228 1368 1612
5738 1360 1478
3167 1369 1492
216 1268 1622
4693 1526 1742
1803 1506 1738
1518 1343 1493
4855 1673 1657
2799 1375 1594
2597 1349 1500
2261 1301 1485
4415 1400 1484
1269 1492 1508
41 1648 1698
1690 1577 1815
1114 1260 1562
6097 1652 1644
2730 1655 1690
1141 1504 1734
2229 1113 1544
1407 1487 1510
1660 1313 1497
2265 1344 1514
3612 1576 1552
6101 1230 1612
2641 1339 1477
5073 1386 1576
1274 1378 1611
984 1429 1506
622 1486 1512
4437 1656 1648
3418 1422 1763
5632 1634 1713
4427 1667 1647
784 1577 1578
2943 1468 1505
2273 1460 1495
1190 1425 1760
3287 1349 1467
5076 1582 1572
649 1554 1518
1855 1601 1765
4251 1341 1467
3329 1262 1521
1745 1599 1621
5451 1312 1474
5747 1447 1507
5601 1492 1879
3324 1578 1605
6173 1651 1694
2055 1353 1535
1602 1654 1644
2718 1395 1479
3931 1405 1787
732 1516 1735
4343 1613 1755
313 1519 1502
3948 1652 1688
1256 1638 1708
5037 1381 1614
1357 1285 1497
4493 1381 1616
1883 1260 1549
5131 1670 1653
3440 1611 1790
3477 1352 1601
1683 1624 1637
4490 1349 1721
3467 1376 1462
5528 1544 1504
4122 1225 1686
4924 1578 1539
1235 1368 1478
2338 1041 1584
5793 1359 1463
6110 1020 1555
1177 1457 1495
2566 1591 1801
915 1578 1558
6125 1657 1698
4548 1450 1497
3482 1264 1591
3558 1466 1756
5579 1338 1531
6176 1434 1751
5082 1480 1506
871 1080 1537
386 1649 1703
5865 1576 1609
5456 1508 1510
2340 958 1645
1208 1349 1486
2868 1403 1485
4020 1578 1593
5375 1505 1740
2298 1264 1607
2270 1638 1645
239 1062 1527
5344 1349 1474
2913 1473 1507
2575 1355 1474
3039 1576 1573
1644 1375 1457
2266 1531 1823
4191 1380 1485
3140 1555 1514
6169 1588 1801
5205 1560 1824
2854 1317 1489
6242 1332 1458
2515 1652 1702
31 1012 1537
4626 1383 1609
1645 1583 1580
428 1338 1506
1708 1208 1568
1400 1215 1650
1831 1406 1788
3535 1411 1484
2598 1469 1502
1059 1569 1523
5856 1248 1558
4541 1547 1777
1096 1380 1609
364 1437 1498
4249 1353 1759
1264 1023 1588
5286 1609 1622
2572 1624 1732
6145 1361 1494
3017 984 1586
2088 1604 1794
3295 1358 1621
4496 1616 1745
3080 1335 1542
4536 1475 1746
2695 1578 1562
1457 1357 1485
1930 1306 1480
5291 1255 1551
4336 1487 1740
1033 1648 1700
5167 1388 1466
2410 1357 1723
5334 1650 1647
4193 1538 1502
1994 1671 1683
1772 1610 1631
4302 1131 1533
5748 1552 1825
3402 1575 1558
3041 1479 1505
5303 1669 1664
1497 1402 1485
4051 1349 1585
2225 1410 1485
3010 1488 1742
4879 1365 1486
1629 1027 1515
3340 1522 1499
1006 1326 1493
5353 1566 1532
5966 1358 1519
1218 1362 1470
3395 969 1614
6140 1574 1607
2776 1315 1706
1301 1276 1683
4361 1644 1710
68 1655 1650
681 1327 1543
2927 1669 1667
2485 1528 1507
3834 1594 1574
3950 1313 1486
2000 1366 1504
5262 1665 1664
370 1508 1868
4956 1302 1654
3136 1550 1793
728 1243 1611
6187 1570 1520
6233 1515 1514
714 1425 1517
1251 1568 1519
4983 1372 1602
5523 1361 1508
5004 1238 1623
1654 1336 1726
5593 1370 1456
2930 1577 1557
3198 1450 1744
5497 1664 1687
1657 1132 1529
4219 1534 1742
2064 1613 1632
1740 1364 1714
1403 1356 1499
6102 1558 1826
6050 1496 1863
3447 1553 1826
6229 1368 1494
5109 1497 1513
851 1361 1465
2103 1664 1680
3492 960 1668
5577 1583 1594
3979 1638 1702
545 1368 1579
1905 1332 1510
4498 1381 1481
3776 1514 1857
1197 1270 1616
4940 1452 1503
3577 1632 1720
1058 1365 1464
4668 1401 1490
5139 1209 1670
6038 1211 1601
4645 1342 1585
742 1534 1503
1611 1257 1559
4759 1621 1640
3385 1246 1555
1435 1380 1598
1404 1512 1874
1529 1625 1768
5257 1330 1527
2742 1624 1734
4127 1413 1752
376 1633 1713
3282 1300 1652
1856 1327 1525
2025 1666 1648
6007 1638 1701
5780 1602 1791
5368 1399 1486
1273 1353 1725
1534 1364 1587
3867 1343 1466
3134 1452 1728
266 1516 1501
1789 1444 1758
104 1349 1590
4732 1385 1476
1869 1349 1506
5177 1590 1804
2069 1261 1621
401 1360 1501
1099 1549 1505
3035 1340 1458
4192 1252 1528
4696 1258 1559
6059 1484 1504
5449 1132 1545
926 1354 1512
5778 1055 1530
2944 1503 1876
651 1630 1639
311 1046 1500
1041 1655 1701
2658 1514 1741
3446 1376 1470
2276 1645 1647
3885 1629 1721
1850 1626 1713
2468 1547 1824
3729 1391 1479
4321 1404 1481
2138 1632 1716
437 1646 1703
662 1474 1746
4058 1382 1583
1736 983 1590
1045 1533 1504
3312 1368 1588
2057 1440 1770
3281 1351 1487
1449 1663 1682
1499 1393 1469
5105 1249 1525
777 1392 1479
1157 1578 1565
1512 1584 1594
4492 1241 1638
3926 1620 1725
4594 1337 1527
4590 1250 1546
5058 1347 1545
296 1638 1638
5246 1343 1758
529 1507 1741
5078 1310 1654
3925 1471 1752
1640 1013 1567
5327 1200 1567
2243 1394 1472
6205 1357 1607
618 1557 1521
870 1391 1472
5068 1381 1587
6115 1376 1489
2437 1353 1517
1556 1662 1655
4595 1427 1501
1661 1361 1619
3083 1529 1744
70 1361 1609
1871 1368 1459
2932 1381 1592
5810 1605 1621
2161 1578 1552
4173 1218 1671
6026 1459 1497
2797 1359 1722
5626 1510 1859
3218 1433 1751
3183 1580 1621
1084 1578 1637
1164 1579 1586
380 1357 1609
7 1393 1479
4487 1578 1532
1078 1343 1463
2791 1502 1858
1515 1357 1578
818 1534 1753
3459 1273 1506
6037 1259 1567
5737 1218 1653
5489 1351 1519
5261 1482 1873
6142 1375 1477
5592 1339 1460
6199 1623 1770
3881 1592 1573
3207 1587 1587
1083 1671 1650
5568 1372 1471
1572 1231 1620
5596 1491 1509
1919 1433 1788
931 1341 1471
1940 1209 1662
2462 1615 1742
2504 1624 1724
3169 1028 1589
4455 1338 1486
3958 1346 1484
798 1649 1640
5613 957 1642
611 1350 1476
3756 1041 1595
3448 1346 1482
6241 1240 1611
3707 1432 1773
341 1311 1656
4901 1505 1875
5901 1385 1606
3332 1399 1478
962 1505 1515
4938 1380 1486
5740 1427 1765
3964 1372 1488
1021 1255 1681
1495 1427 1779
908 1433 1504
3260 1582 1606
4876 1347 1600
5545 1507 1514
1488 1333 1490
2765 1520 1736
1819 1438 1784
1889 1523 1501
2790 1319 1482
3821 1387 1617
2087 1356 1464
2094 1335 1456
3959 1571 1530
2395 1389 1611
3450 1343 1514
4093 1380 1592
4390 1560 1524
4998 1395 1471
3685 1461 1500
2606 1578 1535
4699 1494 1513
3088 1487 1882
2620 1671 1675
3443 1336 1478
1959 1496 1509
5967 1585 1805
3653 1147 1533
2875 1355 1528
1746 1244 1545
118 1538 1503
6175 1631 1707
56 1341 1705
4289 1352 1479
1609 1248 1554
3466 1614 1638
5673 1404 1477
5475 1322 1479
3163 1357 1467
2216 1544 1762
2842 1619 1735
3006 982 1589
3986 1202 1573
4061 1331 1722
1726 1032 1594
4026 1422 1507
2997 1437 1796
1315 1349 1482
2317 1410 1793
5316 1332 1505
412 1408 1491
2474 1460 1503
1314 1258 1544
2864 1415 1769
2156 1662 1650
5858 1046 1570
6114 1407 1765
2303 1656 1697
4247 1251 1571
1774 1599 1628
2494 1671 1657
2754 1316 1492
3792 1051 1549
3510 1583 1812
1284 1375 1600
3338 964 1667
1827 1460 1496
1169 1345 1482
5797 1576 1534
4146 1441 1735
5498 1249 1534
1535 1586 1571
5444 1287 1684
1863 1359 1496
3489 1625 1641
4290 1321 1500
4203 1485 1503
482 1359 1492
4638 1451 1499
2427 1354 1600
4664 1616 1637
3417 1341 1458
521 1381 1483
3441 1543 1760
1119 1479 1501
312 1354 1492
3313 1521 1735
1341 1591 1570
4303 1383 1608
2935 1569 1817
4292 1622 1769
4373 974 1605
5862 1571 1818
4900 1027 1583
4467 1389 1617
3539 1545 1819
4253 1644 1698
490 1358 1581
1135 1663 1685
6154 1293 1693
4795 1331 1503
4619 1645 1696
5752 1353 1527
5448 1611 1637
5818 1317 1502
4376 1569 1582
6091 1431 1505
602 1361 1500
4220 1583 1556
2622 1254 1554
1567 1356 1601
6106 1544 1510
5317 1378 1477
1926 1547 1509
3817 1365 1470
4134 1376 1464
5949 995 1595
4550 1500 1875
2559 1441 1743
3455 1580 1814
3484 1254 1523
96 1584 1548
6067 1412 1482
5276 1549 1825
1054 1506 1510
3536 1371 1487
6211 1618 1777
5777 1352 1712
1824 1433 1752
3197 1665 1665
232 1356 1490
79 1558 1508
6061 1472 1509
3961 1383 1796
4637 1567 1525
1610 1237 1607
4663 1574 1628
2661 1654 1687
553 1343 1709
5479 1446 1737
2551 1059 1521
2769 1344 1511
2541 1367 1709
1729 1339 1457
3103 1382 1468
2709 1440 1782
1720 1147 1531
2818 1295 1731
1603 1443 1817
77 1451 1790
1361 1450 1488
3753 1450 1830
4959 1591 1592
5385 1557 1504
3498 1591 1598
3726 1598 1809
162 1577 1822
1037 1567 1515
2203 1529 1844
1333 1643 1626
3280 1611 1610
4180 1598 1581
5116 1478 1818
3759 1533 1831
965 1237 1572
1327 1604 1556
468 1595 1557
3664 1280 1641
3814 1614 1613
4736 1515 1502
2650 1618 1757
335 1542 1499
5700 1474 1852
814 1687 1655
2685 1600 1562
3889 1657 1705
4893 1403 1473
2178 1599 1568
4212 1261 1637
2288 1500 1842
3216 1587 1550
2653 1675 1694
5832 1534 1496
1773 1654 1635
1459 1315 1746
569 1642 1624
4946 1590 1533
2968 1452 1486
6163 1261 1498
3359 1263 1502
2967 1619 1758
201 1475 1490
4753 1270 1494
2767 1521 1832
4138 1510 1832
3586 1667 1633
4778 1674 1689
1972 1087 1519
2033 1635 1718
18 1440 1825
1734 1464 1867
4161 1443 1876
275 1442 1490
677 1026 1579
5490 1567 1832
4654 1607 1616
5340 1615 1758
4244 1442 1836
4335 1311 1731
3545 1023 1506
3720 1234 1561
3739 1400 1806
97 1641 1720
3092 1639 1630
635 1238 1526
809 1555 1498
3111 1466 1487
5920 1002 1525
3454 1627 1744
4363 1628 1732
4984 1191 1559
5560 1664 1639
4443 1580 1530
2304 1584 1537
5123 1551 1502
2717 1114 1530
4217 1269 1633
5075 1429 1887
52 1484 1804
1174 1472 1767
2415 1684 1655
5732 1465 1845
5061 1056 1508
2929 1549 1495
1749 1234 1588
2607 1557 1494
5697 1515 1838
2894 1463 1831
5835 1431 1908
3570 1607 1564
1303 1398 1467
4458 1501 1747
4315 1240 1589
2471 1616 1764
2519 1475 1815
5785 1589 1550
3364 1127 1526
3486 986 1568
4724 1688 1655
6121 1667 1634
2719 1510 1801
4567 1614 1791
248 1505 1831
4864 1669 1637
2535 1543 1499
5032 1595 1545
4744 1605 1578
385 1582 1628
2496 1490 1844
229 1511 1746
3733 1599 1600
2584 1634 1628
3077 1524 1490
3063 1578 1518
929 1591 1590
434 1513 1756
3350 1435 1806
4903 1681 1672
4806 1258 1670
3852 1638 1723
6206 955 1660
6117 1309 1763
1553 1602 1556
3791 1684 1665
5096 1468 1863
3683 1585 1623
981 1433 1492
3563 1380 1810
66 1614 1765
2498 1664 1704
3047 1608 1614
5997 1564 1503
2753 1569 1511
790 1591 1555
3352 1542 1492
747 1669 1702
4296 1660 1632
2091 1476 1498
4233 995 1574
4044 1588 1814
4689 1527 1845
2617 1277 1698
4088 1463 1864
3590 1394 1467
1139 1389 1463
2038 1234 1570
687 1589 1609
5659 1479 1818
5412 1445 1868
4218 1529 1489
5182 1461 1487
2725 1493 1844
2970 1472 1871
5069 1463 1848
937 1484 1493
4973 1288 1735
117 1601 1587
4708 1428 1910
3697 1493 1849
223 1603 1589
1281 1675 1669
5648 1459 1867
534 1420 1478
3237 1254 1692
417 1465 1779
4603 1519 1848
1619 1682 1659
3762 1281 1656
5731 1163 1540
3177 1461 1488
4980 1420 1482
3037 1675 1642
1536 1222 1567
3826 1598 1583
758 1581 1525
3132 1452 1485
2141 1564 1510
4424 1047 1517
3372 1531 1768
6170 1666 1636
5165 1545 1840
2961 1277 1661
5630 1492 1810
198 1584 1632
318 1635 1622
3968 1682 1661
1894 1602 1803
4082 1490 1745
2031 1290 1671
4269 1091 1530
5396 1457 1854
3617 1618 1759
3984 1523 1765
4897 978 1569
2538 1412 1808
5311 1498 1888
4735 1408 1888
3061 1442 1830
5271 1422 1820
793 1440 1494
4598 1678 1674
1292 1571 1507
1387 962 1590
398 1564 1509
5652 1563 1503
4622 1491 1497
1219 1588 1604
5384 1479 1861
2550 1409 1836
905 1328 1461
5441 1599 1586
982 1558 1501
834 1505 1504
4263 1424 1869
2931 1400 1466
3320 1005 1528
5323 1620 1621
5318 1468 1762
1433 1578 1820
1517 1411 1810
6005 1614 1759
4809 1467 1766
1424 1457 1778
4987 1401 1469
1624 1501 1746
3231 1474 1755
1138 1678 1678
666 1245 1581
4509 1454 1842
3642 1410 1880
2896 1678 1671
6013 1609 1618
3788 1468 1761
1369 1637 1725
3918 1592 1604
1194 1533 1769
2895 1470 1490
3782 1494 1818
4446 1603 1590
1277 1673 1650
6002 1431 1852
4436 1461 1805
953 1666 1635
1718 1654 1637
30 1647 1721
1996 1481 1809
3625 1489 1850
5371 1317 1743
2562 1414 1470
3221 1448 1816
5533 1327 1472
6107 1680 1689
713 1538 1499
413 1601 1565
4324 1571 1514
5641 1491 1502
914 1573 1512
4411 1252 1712
142 1422 1482
2084 1538 1492
4175 1061 1512
5124 1665 1640
1558 1601 1575
3076 1474 1493
116 1590 1620
3104 1460 1490
5981 1438 1883
5598 1289 1712
2116 1224 1579
1392 1679 1660
1414 1598 1547
1068 1570 1513
1323 1680 1665
4179 1676 1678
5824 1450 1788
6237 1485 1815
4242 1583 1621
1550 1490 1747
3400 1156 1527
353 1422 1494
4937 1282 1646
761 1534 1497
3241 1242 1545
5618 1658 1702
2092 1585 1604
32 1454 1493
2017 1472 1855
1100 1493 1754
1211 1618 1787
4887 1459 1843
5531 1493 1504
26 1507 1504
3330 1601 1596
5430 1536 1772
1886 1596 1597
187 1528 1771
3619 1585 1608
610 1473 1490
4833 1524 1830
48 1496 1813
4224 1533 1764
4981 1464 1804
3673 1633 1732
623 1636 1729
1523 1451 1487
258 1540 1771
3479 1599 1805
4728 1681 1662
1814 1612 1793
455 1528 1850
3976 1598 1585
4783 1673 1698
4167 1429 1492
1173 1676 1680
4164 1677 1652
3843 1267 1490
4317 1544 1491
5878 1237 1586
2305 1591 1627
4538 1547 1498
1491 1594 1554
4008 1433 1487
2902 1589 1606
5952 1615 1618
3122 1461 1780
4271 1535 1492
4522 1682 1678
357 1625 1741
4418 1588 1530
2667 988 1543
396 1608 1797
2221 1604 1584
2786 1595 1608
4991 1633 1725
1751 1440 1492
5650 1251 1662
2461 1464 1489
792 1406 1813
2768 1469 1865
6066 1645 1630
5792 1574 1512
3491 1414 1473
4237 1479 1825
5529 965 1690
5436 1596 1562
574 1243 1556
1635 1528 1843
5066 1589 1625
4327 1621 1747
435 973 1592
1475 1021 1511
4477 1440 1813
245 1625 1616
1265 1645 1625
6146 1515 1837
4028 1542 1497
6084 1466 1492
5462 1429 1878
5936 1668 1635
4847 1558 1494
537 1188 1559
2833 1494 1500
4943 1524 1840
3513 1516 1832
5132 1451 1789
881 1256 1508
2659 1560 1503
5119 1434 1496
4110 1622 1756
2548 1561 1500
4972 1325 1773
4035 1605 1584
4111 1456 1493
1862 1447 1486
4942 1565 1506
1581 1532 1845
739 1671 1647
5304 1389 1464
4227 1402 1826
2257 1596 1806
5417 1541 1834
2581 1509 1506
1622 1659 1630
561 1594 1546
2675 948 1623
947 1680 1666
1598 1561 1494
5743 1531 1489
4360 1042 1497
5287 1600 1560
4398 1573 1523
4280 1571 1824
344 1486 1748
4524 1613 1611
2625 1446 1835
4332 1546 1789
323 1470 1488
2789 1589 1607
934 1520 1494
4115 1591 1811
804 1684 1680
2491 1457 1492
5457 1584 1628
209 1429 1491
1270 1575 1508
2600 1552 1838
4454 1574 1511
5638 968 1585
1617 1512 1745
1998 1586 1535
4170 1432 1842
678 1555 1503
2457 1577 1826
1839 1516 1827
1042 1462 1492
5088 1424 1842
5586 1180 1553
5170 1597 1567
3107 1323 1472
887 1319 1473
5789 1598 1554
673 1682 1650
1308 1276 1670
963 1048 1520
3068 1404 1844
552 1633 1727
2140 1459 1836
466 1425 1483
2343 1639 1719
3382 1421 1821
3692 1545 1784
5515 1468 1851
3810 1442 1886
4815 1658 1632
1892 1498 1816
3850 1645 1634
3793 1672 1651
513 1427 1799
1742 1423 1496
2852 1574 1515
6185 999 1554
1293 1589 1558
4681 1517 1832
5535 1626 1740
6001 1609 1620
775 1348 1778
5352 1624 1624
3547 1663 1699
4970 1506 1754
4070 1681 1657
2934 1029 1567
686 1646 1631
5463 1616 1757
156 1528 1772
6109 1594 1549
463 1515 1827
2698 1673 1653
2633 1468 1859
4545 1619 1755
5319 1679 1646
756 1683 1664
4274 1468 1835
691 1685 1671
2048 1587 1539
5678 1542 1839
5227 1583 1819
3618 1417 1850
903 1573 1509
2206 1654 1636
4741 1521 1765
1046 1597 1566
4423 1570 1825
1631 1161 1545
2241 1416 1849
2133 1523 1831
2588 1280 1635
4686 1585 1600
3774 1514 1511
1533 1210 1576
4143 1408 1465
5472 1601 1590
1897 1156 1533
894 1532 1841
4825 1440 1834
4557 1561 1501
4691 1462 1875
2820 1573 1506
3339 1384 1802
2015 1480 1833
5985 1453 1782
5527 1590 1591
1192 1475 1868
3475 1590 1596
3199 1596 1555
5087 1433 1490
3065 1443 1858
4210 1605 1560
970 1593 1590
4211 1026 1500
1322 1601 1571
302 1488 1847
3003 1474 1806
327 1616 1758
251 1674 1654
3025 1460 1846
5894 1480 1491
4750 1436 1838
5021 1463 1785
5831 1588 1556
1028 1633 1769
2542 1047 1511
4248 1507 1823
5466 1405 1463
880 1569 1826
575 1279 1697
5501 1613 1620
6201 1472 1802
1447 1420 1893
1471 1452 1868
4342 1285 1658
5040 1629 1768
3365 1139 1520
3567 1388 1465
3019 1427 1481
1566 1591 1537
3550 1431 1487
585 1520 1492
2770 1451 1797
5614 1330 1729
3252 1269 1723
1261 1583 1607
642 1587 1529
6035 1463 1838
704 1669 1634
259 1679 1692
1214 1683 1663
2404 1584 1612
4107 1534 1803
1562 1543 1798
3335 1512 1505
5018 951 1645
4919 1625 1752
1859 1540 1773
1967 1602 1593
1430 1659 1635
169 1549 1837
5736 1674 1677
5329 1554 1503
4314 1583 1821
1937 1116 1530
2249 1323 1470
3190 1684 1648
4944 1535 1841
769 958 1604
801 1534 1849
3401 950 1628
4236 1576 1512
2193 1267 1634
925 1516 1800
6183 1531 1492
656 1396 1812
2529 1665 1701
3268 1448 1810
3275 1603 1565
5390 1531 1495
446 1263 1494
5378 1607 1577
4207 1650 1716
5141 1681 1671
287 1494 1806
3777 1500 1807
862 1461 1804
3196 1584 1818
2507 1446 1852
4114 1679 1684
4618 1641 1726
4547 1552 1842
3804 1449 1888
2871 1469 1879
3662 1474 1856
4497 1677 1689
2085 1612 1610
3262 1491 1839
2258 1618 1614
2965 1475 1827
5145 1596 1812
3540 1476 1757
2433 1278 1715
1448 1591 1808
1655 1430 1891
2513 1465 1879
5395 1537 1772
5750 1648 1629
2019 1402 1829
5458 1036 1501
4990 1636 1625
3864 1545 1787
5273 1421 1829
4166 1580 1822
5212 1669 1642
2567 1673 1692
4452 1509 1798
5263 1391 1462
2700 1548 1830
1185 982 1568
2292 1482 1849
3437 1175 1554
1820 1460 1790
4425 1549 1493
226 1220 1589
3435 1531 1841
5219 1514 1759
236 1389 1455
1186 1684 1675
1086 1677 1673
1207 1007 1560
5258 1454 1780
5617 1458 1890
2190 1522 1757
1623 1536 1832
3370 1605 1581
757 1465 1876
1664 1108 1527
1090 989 1541
2438 1421 1875
2679 1559 1500
3802 1231 1593
1549 1657 1629
1204 1679 1687
5268 1456 1489
3464 1537 1837
2353 1591 1813
4007 1457 1823
5839 1426 1900
228 1035 1498
893 1436 1870
3112 1014 1514
2630 1591 1560
4094 1622 1747
2323 1595 1599
3888 1479 1761
2245 1576 1820
1372 1531 1490
5521 1479 1815
5036 1552 1834
5328 1538 1493
132 1605 1561
580 1659 1709
2687 1404 1856
1750 1137 1526
2137 1567 1507
1806 1657 1635
2858 1595 1813
3677 1586 1529
6127 972 1589
4823 1630 1731
528 1389 1459
5016 1600 1586
5519 1476 1871
1298 1092 1530
3744 1439 1811
3934 1674 1653
6221 1526 1754
1939 1529 1493
1968 1557 1501
6051 1646 1625
2166 1363 1795
5125 1252 1633
1778 1670 1689
2526 1550 1498
1423 1242 1561
1484 1621 1748
6060 1102 1534
1353 1653 1709
4279 1529 1839
5841 1259 1695
17 1652 1629
4488 1498 1798
64 1680 1647
3606 1491 1850
4926 1465 1492
4407 1553 1829
2777 1572 1511
4850 1453 1826
45 1239 1581
1079 1271 1492
3374 1605 1615
2805 1607 1563
440 1513 1504
933 1434 1845
2985 1148 1531
290 1598 1570
1276 1586 1614
2964 1195 1564
27 1558 1828
4381 1675 1675
4472 1483 1498
4006 1072 1509
5488 970 1711
5391 1565 1512
1136 1154 1536
2058 1256 1503
3851 1631 1769
301 1586 1616
2185 1560 1495
3204 1628 1773
1877 1437 1863
480 1598 1555
3328 1248 1585
1908 1572 1506
2601 1478 1497
6027 1519 1751
4754 1275 1635
3731 1633 1731
1494 1419 1841
3343 1522 1764
5137 1248 1514
2856 1669 1638
3883 1449 1820
2430 1279 1661
1467 1620 1759
576 1558 1507
5336 1266 1496
2146 1652 1716
1887 1239 1668
5491 974 1590
1928 1456 1874
4569 1553 1493
114 1511 1840
1593 1267 1630
6192 1589 1561
5365 1594 1550
4763 1611 1613
3880 1621 1745
1306 1592 1537
4877 1615 1612
1069 1381 1832
1881 1607 1614
420 1488 1493
2010 1423 1487
5541 1584 1813
4542 1235 1663
2779 1587 1811
3494 1587 1604
2105 992 1565
688 1483 1759
3152 1479 1809
360 1395 1454
675 1141 1527
689 1536 1834
3009 1463 1488
4787 1237 1579
2111 1216 1561
4902 1566 1824
5534 1631 1729
4474 1562 1495
2123 1266 1489
3746 1589 1612
4678 1434 1886
481 1258 1700
2897 1442 1855
1552 1609 1617
5658 1628 1626
1371 1630 1627
5713 1207 1579
4048 1536 1847
4393 1649 1710
901 1010 1556
2866 1422 1488
4872 1667 1638
5143 1447 1809
607 1437 1813
5921 1104 1528
5567 1591 1587
2999 1582 1624
2179 1521 1844
4829 1480 1810
1848 1461 1889
5739 956 1660
2226 1678 1673
1557 1463 1869
4775 1647 1626
3325 1174 1556
1330 1462 1823
5902 1287 1637
1413 1470 1830
4409 1472 1818
300 1451 1488
5884 1515 1506
831 1411 1807
696 1399 1456
1641 1448 1805
6207 1610 1615
3292 1462 1807
2237 1626 1736
1584 1670 1698
3307 1468 1771
5409 1468 1493
1673 1563 1506
594 1422 1484
983 1524 1482
1707 1581 1508
6177 1440 1473
3272 1298 1480
5972 1197 1543
1981 1610 1585
2112 1298 1479
856 1607 1590
113 1512 1771
1760 1300 1471
4774 1700 1673
2207 1099 1516
4988 1618 1582
5757 1627 1782
3687 965 1562
636 1458 1482
4365 1478 1790
1982 1671 1709
1685 1389 1859
5624 1671 1710
705 1677 1700
954 1630 1617
4941 1585 1508
1187 996 1525
5759 1527 1483
2259 1608 1605
581 1505 1490
4848 1412 1452
5661 1693 1664
4680 1023 1499
1658 1614 1562
4779 1671 1624
1441 1617 1576
520 1527 1778
5279 1060 1501
3209 1615 1584
5046 1686 1659
4796 1632 1616
536 1402 1443
2155 1363 1450
658 1624 1610
5684 1150 1514
6056 1620 1587
1436 1341 1788
1267 1627 1757
2629 947 1663
5493 1470 1900
2723 1633 1745
5241 1584 1515
347 926 1600
1591 977 1559
221 1686 1685
1442 1350 1443
4461 1513 1811
6031 1661 1629
1168 1358 1442
6243 1622 1609
4254 1471 1905
3659 1532 1783
5808 1691 1662
1544 1440 1475
1620 1144 1516
1317 1147 1512
21 1394 1892
1347 937 1601
1964 1607 1601
2774 1613 1596
4948 1380 1870
2247 1582 1495
6124 1523 1486
5965 1573 1501
1199 1419 1468
4445 1476 1482
3188 1603 1549
1486 1463 1484
3125 1504 1769
4033 1615 1597
5031 1608 1809
4906 950 1567
4036 1597 1619
393 981 1549
783 1469 1486
3148 1495 1489
3983 1524 1778
6153 1594 1534
5809 1595 1615
1933 1018 1499
1121 1422 1479
647 1615 1603
712 1447 1473
1085 1360 1807
900 1597 1611
3141 1562 1850
5010 1481 1788
1770 1641 1609
3701 1254 1494
5702 1699 1677
5956 1241 1509
164 1234 1528
501 1234 1532
405 1459 1478
2741 1670 1624
124 1516 1773
734 1534 1486
1160 1399 1889
3079 1591 1525
2674 1580 1495
6074 1687 1699
1213 1371 1452
3472 1633 1605
2005 1551 1856
2974 1615 1795
543 1689 1692
2231 1649 1732
4223 1648 1733
431 1586 1505
112 1520 1778
4551 1519 1484
471 1596 1617
1902 1538 1792
1923 1616 1800
721 1694 1641
2163 1676 1703
1771 1646 1611
1075 1200 1550
294 1500 1773
4444 1109 1520
5117 1476 1766
454 1692 1682
3636 1688 1679
1868 1607 1611
5335 1401 1452
6058 1296 1477
4673 1004 1510
3634 1499 1493
2039 1546 1864
1588 1625 1596
3940 1305 1475
80 1385 1849
6087 1529 1485
4159 1600 1618
5120 935 1633
5753 1485 1490
1481 1222 1554
3624 1693 1674
1583 1482 1767
2949 1486 1894
3660 1669 1631
5172 1440 1474
5216 1499 1490
5705 1101 1521
3875 1198 1552
1738 1483 1761
2734 1603 1809
3415 1573 1502
2692 1680 1632
2663 1537 1859
6148 1617 1580
4651 1434 1478
3866 1512 1491
3310 1583 1506
4205 1440 1472
278 1530 1793
4517 1687 1641
4653 1689 1686
177 1539 1484
4671 1409 1453
5903 1691 1640
4690 1627 1759
3801 1514 1496
5826 1575 1830
1924 1549 1486
4338 1033 1493
812 1477 1771
4508 1633 1604
1386 1594 1819
1422 1361 1448
5636 1591 1530
4531 1625 1604
2443 995 1523
5166 1671 1625
5791 977 1554
5047 1438 1480
558 1012 1511
819 1359 1444
538 1632 1608
3422 1462 1484
3830 1119 1526
877 1355 1809
11 1616 1569
4225 1414 1461
572 927 1618
4886 1444 1471
5204 950 1683
1367 1597 1615
4450 1399 1447
5030 1696 1688
3592 1603 1550
2456 1673 1635
2014 1607 1812
1048 1644 1730
669 1382 1824
5217 1641 1622
2078 1577 1489
5114 1354 1447
4370 1626 1758
3903 1607 1549
690 1604 1613
2613 1694 1665
1528 1379 1844
3192 1668 1627
5575 1679 1627
1128 1454 1906
4995 1498 1772
2233 1272 1481
4050 1685 1689
599 1576 1498
4049 1519 1819
5080 1494 1759
852 1582 1826
189 1543 1483
3146 1430 1470
4701 1695 1667
1262 1498 1488
3946 960 1576
2279 1604 1603
4462 1590 1521
3758 1520 1770
1989 1253 1502
5859 1595 1820
3920 945 1662
2102 1616 1794
3856 1450 1482
2848 1551 1485
4243 1382 1884
1979 947 1672
1335 1637 1619
295 1690 1667
2648 1628 1614
3741 1175 1530
5662 1524 1486
4840 1600 1536
3657 1542 1489
4137 1511 1779
4385 1529 1858
4649 1690 1679
3157 1531 1787
3623 1592 1826
5314 1402 1449
2973 1642 1749
265 1520 1855
2467 1230 1535
1531 923 1599
4951 1642 1739
3631 1468 1485
4561 1692 1681
3689 1642 1618
4624 1505 1493
137 1522 1862
1142 1658 1622
4905 1258 1497
1179 1477 1481
1159 1369 1807
6134 1594 1537
2509 1442 1904
1001 1633 1772
1965 1488 1483
180 1239 1519
668 1676 1626
1406 1473 1771
1639 1168 1531
458 1615 1580
4019 1502 1764
3379 1612 1561
2454 1599 1613
1183 1671 1634
3028 1509 1758
2314 1681 1703
2627 1398 1448
3749 1591 1532
5915 980 1543
3872 1345 1450
5851 1691 1678
5129 1610 1807
2640 1245 1506
4148 1424 1916
5764 1581 1517
2346 1609 1564
2012 1616 1579
1633 1604 1596
2815 1577 1500
136 993 1525
165 1397 1452
2162 1500 1487
2455 1519 1820
43 1276 1479
5201 1428 1468
3311 963 1712
1656 997 1735
4520 1538 1484
1974 1684 1701
67 1354 1450
4062 1700 1678
1368 1522 1785
135 1613 1561
778 1567 1496
4348 1635 1746
5506 1486 1777
1201 1424 1474
5100 1585 1822
2170 1688 1698
6022 1023 1501
1355 1602 1597
3396 1409 1464
5876 1679 1640
1900 935 1623
6017 1660 1622
3525 1604 1534
5964 1676 1631
6062 1635 1611
4727 1418 1463
3230 1152 1516
429 1658 1617
2236 1467 1485
1759 1618 1562
2378 1645 1741
6186 1688 1651
2512 1670 1634
2118 1379 1867
2872 1556 1483
5437 1407 1450
5313 1611 1583
6019 1688 1691
5540 1676 1639
1971 1154 1520
6020 1468 1791
5691 1477 1894
2157 1603 1603
3185 1596 1525
6116 1278 1479
279 1657 1626
527 1651 1623
4993 1590 1819
1181 1525 1774
3191 1536 1485
2484 1652 1625
6113 1358 1441
4839 1687 1637
735 1484 1764
1627 1545 1485
1776 1579 1829
6053 1285 1760
6068 1398 1893
6222 1505 1497
151 977 1565
1838 1611 1554
5758 1495 1493
5935 963 1561
78 936 1579
955 1428 1475
1299 1601 1817
457 1580 1511
4534 1690 1642
679 1464 1793
264 1184 1540
4270 1667 1714
2398 1594 1530
874 1655 1624
3495 1558 1487
922 929 1618
130 1364 1446
3869 1502 1492
6209 1645 1731
1901 1458 1907
5729 1625 1785
4698 1496 1491
2277 1666 1621
1188 1458 1481
42 1568 1490
5307 1412 1458
5320 1619 1581
2364 1679 1632
5913 1684 1631
392 1491 1493
328 1634 1608
5236 1626 1596
6021 1687 1681
3208 1675 1639
2995 1662 1630
592 968 1544
1975 1069 1507
843 1599 1604
196 1622 1762
2853 1535 1860
3515 1574 1833
3906 1275 1484
3133 1475 1481
6161 1243 1508
5727 1573 1495
3541 1217 1552
1452 1651 1616
6235 1644 1612
3896 1430 1477
5386 1474 1485
3952 1062 1500
2694 1153 1514
5782 1247 1508
5852 1683 1703
5440 1678 1639
1756 1686 1700
5194 1346 1443
2493 1366 1815
2915 1365 1451
5266 936 1580
3236 1666 1712
1786 1371 1449
4395 1601 1549
46 936 1607
682 1660 1629
532 1695 1676
2946 1625 1601
5561 1666 1630
4197 1515 1497
1813 1407 1460
2174 1650 1618
5588 1502 1493
2047 1290 1479
959 1596 1533
6023 1602 1601
3798 1621 1787
4135 1535 1862
3461 1006 1511
909 1207 1550
542 1661 1621
4009 1223 1539
4108 1611 1590
746 1632 1743
4933 1433 1470
5367 1608 1551
857 1587 1517
4416 1610 1591
6130 1692 1657
1844 1590 1522
6119 1682 1701
2532 1400 1892
6227 1601 1544
4869 1645 1740
3393 1654 1718
3901 1636 1604
378 1686 1648
3824 1594 1528
5833 1642 1736
825 1558 1851
3779 1429 1473
3058 1600 1816
2637 1487 1490
2975 1379 1865
2979 1538 1861
3203 1546 1856
3975 1400 1896
2952 931 1634
941 1619 1793
6215 1518 1788
1511 1599 1813
5699 1650 1723
5724 1472 1779
3819 1579 1512
2907 1631 1604
2739 1516 1481
741 1494 1764
3994 1377 1449
2264 1433 1472
5050 1617 1559
785 1646 1735
5664 1604 1609
803 1667 1709
1793 1467 1789
5252 1300 1472
5520 1237 1522
1985 1575 1485
3913 1406 1460
625 1528 1488
4800 1551 1489
5551 1370 1445
5380 1472 1786
2173 1664 1715
5445 1694 1669
5042 1590 1530
1758 1686 1660
2793 1523 1818
4189 1550 1485
1312 1371 1810
5517 1405 1459
5504 1625 1765
4828 1457 1481
1272 1437 1474
5589 1691 1660
4875 1358 1451
1604 1421 1469
2308 1656 1718
10 1331 1453
2357 1430 1472
1225 1508 1767
2704 1632 1610
4074 1578 1509
5301 1641 1617
375 1568 1835
5710 1284 1477
3893 1451 1901
484 1577 1508
895 973 1539
3271 1542 1869
3355 1668 1630
3493 1587 1521
3059 1481 1777
3548 1681 1641
4350 1602 1536
2339 1354 1441
3153 1338 1445
1577 1627 1608
1779 1497 1486
2200 1089 1509
477 939 1641
4024 1155 1518
4339 1669 1623
1180 1551 1846
1103 1473 1895
3036 975 1543
4738 1547 1860
4860 1581 1514
1618 1544 1795
3812 1673 1624
1870 1463 1478
5063 1517 1810
5976 983 1562
2396 1673 1634
1909 1657 1619
6025 994 1525
5820 1451 1481
3560 927 1607
2358 1512 1497
202 1693 1652
4658 1634 1602
4878 1417 1464
4258 1303 1476
3532 1691 1652
5478 1671 1628
3014 1575 1489
4661 1414 1467
2449 1231 1542
2503 1605 1613
6085 1620 1604
2857 1466 1787
2501 1219 1549
5306 1449 1474
3654 1530 1860
2844 1612 1604
1858 1453 1477
4586 1492 1494
4077 1673 1706
6160 1450 1481
4757 1516 1776
1255 1029 1498
3704 1612 1577
1466 1619 1563
4644 1483 1482
1092 1621 1576
53 1637 1739
1681 1359 1440
1969 1585 1515
2618 1418 1462
1893 1611 1605
657 1596 1538
3200 1698 1683
764 1565 1487
1348 1229 1535
751 1690 1672
1790 1525 1483
3987 1628 1597
173 1478 1488
1034 1479 1483
4725 1341 1448
2452 1568 1494
1669 1676 1634
805 1481 1486
2752 1697 1676
3045 1616 1604
4969 1682 1698
2887 1628 1595
3247 1460 1484
601 1690 1670
5855 1006 1509
4473 1571 1844
1832 1235 1526
3029 1480 1779
1147 1264 1487
5522 1650 1624
2391 1408 1460
3283 1686 1645
3939 1637 1617
5483 1051 1500
726 1624 1572
1374 1570 1481
3005 1374 1423
5110 983 1521
1616 1589 1483
3226 1591 1479
794 1644 1747
1732 1377 1442
2955 1697 1699
4422 1688 1707
498 1597 1509
4079 1533 1474
6172 1398 1904
4894 914 1595
5548 1564 1864
1472 1325 1446
2951 1388 1435
5122 1626 1554
603 1418 1450
2664 917 1578
1847 1571 1855
5947 1241 1503
2321 1672 1609
3575 1468 1469
6212 1358 1430
1109 1524 1480
910 1602 1827
3768 1464 1472
1695 1003 1507
2032 1688 1617
1278 1272 1468
4034 1582 1477
2669 950 1540
5235 1631 1569
1015 1460 1916
1480 1378 1877
3611 1275 1458
3522 1090 1497
2611 1645 1594
425 1489 1897
5571 990 1515
2587 1581 1487
1735 1618 1546
1496 1163 1515
6191 1640 1580
4040 931 1542
3073 1627 1788
3855 1472 1476
2145 1316 1447
722 1563 1480
2959 1483 1914
4015 1108 1514
512 1701 1668
1723 1644 1761
1145 1242 1502
4685 1705 1653
4760 1565 1869
3353 1614 1492
2067 1299 1452
4325 1688 1623
3772 1387 1437
3927 1585 1478
3989 1614 1531
1311 1513 1490
3106 1277 1465
3658 1614 1807
5916 1525 1869
1310 1304 1451
1675 1531 1873
5728 992 1515
5616 1329 1434
2788 1298 1442
1350 1617 1550
2189 1685 1704
4623 1091 1505
4966 1591 1503
3747 1646 1585
3675 1693 1701
5237 1187 1527
1755 1645 1748
163 1441 1468
2287 1673 1608
4952 1698 1629
725 1666 1726
3147 1281 1459
3250 1623 1554
1872 1559 1477
1805 1707 1671
4002 1299 1439
4584 1647 1751
3121 975 1548
1223 1559 1869
3391 1614 1522
637 1299 1459
4765 1478 1917
854 1685 1712
4822 1600 1528
4675 1601 1827
6150 1695 1627
4221 919 1553
2490 1588 1834
5933 1442 1461
3108 1590 1498
2524 1560 1480
2750 1592 1481
2561 1586 1840
1016 1253 1487
2604 1591 1485
5198 1696 1642
3519 1620 1805
1060 1562 1856
5974 1036 1487
4310 1581 1477
2040 1644 1751
4881 1378 1880
5355 1360 1419
5418 1614 1535
2782 1327 1436
3714 1461 1474
5278 1333 1444
44 1631 1587
5853 1102 1511
5185 1655 1610
1938 985 1529
1325 1304 1453
1834 1617 1806
4326 933 1560
283 1494 1482
4078 1316 1437
3411 1303 1465
2352 1679 1618
902 1624 1573
1321 1625 1568
2693 1610 1531
4861 1605 1533
5351 1603 1520
5979 1505 1484
2879 1442 1468
1050 1490 1479
453 917 1605
5890 1519 1475
1687 1622 1548
3846 1549 1475
5667 1687 1630
3655 1460 1471
1830 1552 1482
5388 1609 1530
6180 1704 1674
366 1526 1473
4885 1675 1710
1809 1634 1568
5904 1625 1554
515 1707 1676
4868 1070 1490
6094 1435 1464
1043 1704 1669
1666 1706 1676
161 1674 1621
2517 1613 1506
5516 1188 1536
359 1687 1707
3434 1374 1446
247 1624 1590
170 1193 1533
2841 1698 1633
550 1317 1435
2210 1431 1461
5094 1567 1481
220 1459 1472
218 1485 1900
4945 1709 1665
5372 1607 1535
4504 1654 1612
3137 1320 1458
1601 1502 1484
1140 1408 1443
3823 1284 1464
830 1488 1903
1044 1591 1496
5550 1610 1508
5269 1635 1761
2958 1539 1879
5296 1625 1557
4420 1537 1877
382 1320 1439
372 1622 1592
1880 1484 1477
5000 1317 1441
4965 1527 1474
4935 1708 1679
406 1530 1479
842 1015 1494
1743 1449 1469
1659 1627 1586
2130 1510 1782
409 1248 1484
5193 1710 1667
4714 1700 1657
2877 1705 1667
5864 1405 1445
1992 1593 1518
1345 1616 1494
4105 1634 1754
1254 1168 1512
523 1693 1627
1955 1530 1475
2465 1226 1529
1073 1573 1858
4329 1311 1456
1453 1690 1629
672 1531 1478
2701 1552 1879
1444 1507 1484
2035 1492 1788
2998 1521 1476
3468 1671 1609
1999 1651 1738
1607 1324 1435
1545 1586 1491
2722 1682 1709
800 1704 1650
3222 1565 1854
1761 1705 1682
194 921 1553
1737 1572 1856
6100 1602 1528
2370 876 1590
3380 1518 1794
4898 1002 1509
609 1502 1791
5310 1365 1437
5623 1152 1505
916 1558 1476
2246 1427 1460
1696 1370 1443
3735 1712 1678
2425 1605 1524
2429 1616 1553
5910 1637 1747
2030 1624 1567
2447 1371 1423
5969 1368 1427
2260 1709 1659
1446 1630 1779
2180 1597 1523
3574 1199 1534
3668 1059 1490
5790 1610 1539
2878 881 1583
5977 1298 1440
718 1711 1675
4133 1626 1792
5446 1314 1438
3630 1700 1680
3229 1708 1658
5800 1694 1640
5711 1601 1514
3554 871 1579
3702 1653 1593
2407 1353 1436
3458 1467 1474
1725 1303 1459
879 1319 1457
3409 976 1534
3923 1322 1442
4485 1613 1522
847 1444 1470
4358 1700 1685
6157 1361 1426
4720 950 1536
3831 1500 1480
2268 913 1581
3951 1055 1492
3643 1495 1484
780 1304 1452
5745 1120 1517
2392 1644 1581
3425 1615 1538
4281 1598 1522
598 1603 1522
5338 1568 1852
1388 945 1691
5584 1494 1477
605 1689 1619
3919 1634 1582
1477 1709 1681
2144 1646 1605
6034 1479 1478
1625 958 1725
99 1625 1572
3622 1368 1440
4577 1656 1726
5147 920 1567
1249 1364 1439
976 1511 1794
806 1682 1705
2966 1373 1438
3193 1273 1462
5361 1310 1437
2302 1285 1471
4659 1535 1474
284 1663 1727
5665 1664 1616
1754 1355 1834
3166 1646 1586
5330 1693 1626
4913 1642 1578
2724 1641 1587
5982 1584 1840
525 1567 1856
547 1648 1585
2963 1691 1623
410 1334 1442
4556 1317 1440
1792 1326 1435
3274 1670 1613
4052 1499 1892
5419 1385 1430
4742 1639 1768
3944 1381 1432
2869 1372 1889
5108 1374 1864
5564 1657 1606
1694 1595 1499
3436 1690 1622
3233 1642 1584
3478 1638 1747
1319 1620 1552
1714 1611 1494
4870 1316 1464
6247 1535 1476
3524 1632 1782
3878 1664 1607
2647 1233 1510
3917 1558 1857
6095 1314 1789
4311 908 1597
978 1399 1902
5604 1627 1568
1525 1617 1543
3100 1630 1584
5945 1424 1463
250 1544 1473
2757 1362 1434
5620 1046 1482
5988 1585 1492
2135 1678 1621
2918 1627 1583
305 1524 1479
5643 1168 1516
2021 1373 1424
4014 1697 1635
3715 1417 1440
1171 946 1561
2386 1342 1439
2644 1595 1512
5503 1520 1472
2925 1691 1705
685 1499 1482
4293 1624 1799
4989 1706 1684
4168 1586 1479
6181 1382 1431
2164 1647 1590
5220 1427 1465
1849 1613 1550
539 1313 1436
2835 1343 1805
1023 1406 1922
5742 1570 1853
4646 1624 1582
4710 1156 1510
3406 1576 1843
1071 1589 1507
5892 1545 1481
5424 1369 1433
123 1641 1600
5342 1332 1434
5127 919 1600
155 1560 1483
1866 1447 1468
3405 1244 1494
1104 1645 1591
160 1612 1492
2921 1306 1437
2280 1673 1719
5113 1508 1485
485 1558 1864
988 1522 1479
1257 1640 1585
2851 1453 1464
6028 1323 1446
1546 1697 1654
1309 1579 1852
4374 955 1544
3389 1709 1664
1450 1641 1602
2772 1698 1637
833 1659 1728
2906 1603 1531
5315 1614 1810
3556 1626 1577
661 1386 1432
5597 1655 1605
5379 1533 1867
3629 1585 1493
5006 1297 1464
2984 928 1568
1703 1678 1609
419 1695 1696
4465 1652 1608
242 1569 1479
3026 1619 1807
3344 1646 1589
90 1565 1478
3315 1665 1611
2361 1574 1845
2413 1547 1873
465 1079 1496
1302 1163 1511
1124 1621 1590
1220 1647 1586
5485 1547 1480
3600 1385 1442
782 1572 1865
4367 1590 1832
619 1631 1577
4451 1685 1614
6167 875 1593
4579 1502 1796
2527 1321 1440
2705 1590 1483
5775 1500 1482
1571 1593 1513
2160 1655 1733
5029 1162 1517
230 1454 1473
354 1379 1897
3020 1375 1441
2446 1076 1499
3565 1572 1480
4764 1234 1504
28 1620 1562
3348 1574 1482
3376 1686 1626
3248 1612 1531
462 1168 1515
1305 1626 1559
1646 1602 1823
3242 919 1576
1724 1465 1911
2004 1537 1867
5532 947 1565
4528 1612 1519
535 1625 1795
1280 1272 1472
4272 1554 1477
1717 1633 1566
6238 1499 1484
4428 1439 1461
273 1479 1479
1663 1379 1434
5044 1644 1605
5834 1693 1624
3159 1305 1437
2355 916 1560
3982 1640 1583
2646 1623 1589
2301 1681 1617
2525 1433 1458
3916 1595 1520
2654 1697 1657
4072 1508 1489
6178 1489 1778
3530 1626 1574
848 954 1542
5675 1606 1531
3936 1521 1873
329 1597 1832
2901 1611 1521
3394 1591 1497
6256 1580 1479
3736 1562 1475
4997 1650 1593
919 1610 1502
4890 1550 1878
4404 1587 1484
217 1637 1595
5144 1279 1457
2318 1301 1449
2362 1301 1464
5912 1645 1593
4085 1248 1491
1956 1600 1512
238 1534 1473
3771 1391 1443
3351 1295 1447
2553 872 1590
2142 1089 1500
582 1298 1461
363 1692 1629
400 1358 1432
5091 1371 1443
276 1387 1447
1061 1666 1614
2982 1611 1527
3442 1510 1487
5159 1607 1818
3534 1660 1724
6135 1700 1654
1906 1479 1912
1841 1616 1547
3770 1335 1437
3521 1637 1583
403 1698 1632
3706 1102 1509
3849 871 1580
707 1375 1426
2940 909 1595
3992 1470 1478
4914 1675 1714
5978 1628 1786
648 1234 1515
6070 1614 1528
4916 1651 1609
2518 1383 1428
3837 1239 1509
3663 1554 1478
1628 1562 1481
461 1274 1473
4884 1452 1922
6079 1704 1688
5362 1645 1750
3865 1387 1445
6249 1054 1494
4345 1488 1793
3081 1091 1506
253 1223 1524
2451 1352 1436
4417 1658 1601
5815 1660 1731
2994 1164 1518
4304 1644 1589
5195 1679 1619
4950 1712 1676
5961 1601 1525
1074 1392 1439
5081 1706 1673
4558 1503 1476
5798 1601 1515
4770 1542 1473
5599 1657 1612
4810 1497 1478
5668 1525 1475
2573 1373 1420
663 1508 1479
2222 922 1626
103 1285 1452
4388 1621 1795
6104 1696 1648
885 1602 1519
3240 1523 1884
5245 1177 1520
1958 1680 1626
1248 1592 1491
4865 1014 1500
1910 1266 1467
210 1036 1483
5720 1629 1790
1184 1570 1864
3333 1558 1474
4476 1334 1799
3996 1366 1416
5208 1644 1580
2007 1379 1437
723 1366 1441
4758 1613 1513
3900 1308 1456
1415 1677 1709
3362 1283 1458
2227 1316 1453
1221 1694 1694
6075 1551 1869
2615 1703 1648
676 1612 1523
5886 1650 1596
5155 1471 1475
6039 1634 1569
2609 1477 1908
5067 1517 1871
3367 1341 1434
3969 1634 1581
2238 1595 1516
2996 1650 1739
1684 1617 1546
5557 1307 1464
5781 1382 1444
589 1310 1461
5051 1362 1421
6099 1636 1574
613 1655 1736
3671 1686 1618
5222 1317 1461
1783 1695 1625
2634 1700 1659
4642 924 1565
3178 1427 1918
88 1661 1725
3162 907 1593
2129 1102 1513
2945 1671 1610
1468 1562 1857
2097 1498 1476
3579 1632 1577
4030 1507 1481
69 1708 1657
234 1586 1483
109 1625 1575
6078 1544 1876
2100 1696 1641
3497 1631 1584
3232 1336 1433
3912 901 1584
1665 1558 1479
2800 1232 1506
3543 1705 1660
892 1308 1442
1800 957 1556
5543 1648 1587
3021 1233 1512
2342 1068 1488
4047 956 1558
3258 1249 1490
6132 1594 1494
760 969 1537
1149 1672 1619
839 1276 1463
4145 1627 1572
3117 1556 1859
4495 1448 1462
5973 1486 1481
5028 1624 1577
1747 1014 1493
4174 1693 1698
5283 1589 1478
816 1364 1420
4003 1623 1796
4743 1249 1496
961 1639 1747
4880 1570 1484
5272 939 1675
4692 1305 1456
766 1296 1462
1941 1302 1462
4084 1411 1439
3408 1372 1444
2903 1620 1595
5363 1589 1839
3444 1584 1486
4351 1614 1510
1733 1486 1479
1630 1632 1565
1543 1559 1868
1176 1369 1875
2379 1673 1713
5481 1619 1562
3943 1242 1497
1458 1342 1438
1597 1411 1437
5038 1327 1441
1163 1398 1903
2531 1631 1576
4532 1476 1475
6 1641 1598
416 1637 1584
1538 1611 1543
4039 1697 1690
939 1376 1428
1134 1393 1904
1935 1354 1428
3030 1592 1482
1412 1641 1765
2733 1311 1454
517 1625 1584
2688 1615 1491
2665 1367 1868
5872 1694 1692
1238 1079 1498
5749 1375 1424
1647 1499 1781
5989 1502 1483
1676 1699 1635
3180 987 1751
2426 1672 1604
5284 1361 1435
2643 1612 1497
6214 1572 1477
2773 920 1579
3784 1631 1575
4182 1677 1608
4156 1645 1583
5938 1660 1728
1036 1613 1515
4616 1220 1522
4228 1319 1441
4713 1024 1797
1245 1581 1484
4463 1596 1832
102 1339 1438
5345 1299 1455
3294 1596 1516
3331 1366 1418
5349 1365 1430
459 1662 1617
643 1702 1650
2056 1689 1627
6162 1614 1513
6218 929 1572
823 1613 1546
4816 1549 1878
1137 1653 1610
3750 1704 1666
4911 1611 1523
5499 1317 1460
3067 1610 1814
3317 1255 1485
1812 1501 1485
5294 1708 1666
5265 1606 1820
418 1271 1459
4888 1482 1476
2533 1703 1635
938 1431 1465
3276 1616 1540
5035 937 1660
4679 1063 1494
3902 903 1584
3650 1517 1796
2373 1486 1912
4817 1616 1808
1613 1593 1508
3269 1486 1793
1438 937 1649
5776 947 1684
606 1638 1595
6149 1413 1436
317 1601 1518
4655 1495 1792
1565 899 1578
2059 1502 1475
5583 1637 1596
6092 1304 1462
1578 1708 1659
3815 1294 1468
5508 1674 1619
3907 1405 1438
2251 1387 1424
4198 946 1533
1764 1382 1411
3517 1640 1566
2181 1709 1633
5726 1590 1847
4057 888 1558
1155 1681 1591
6197 1705 1621
281 1312 1422
3544 1665 1601
2755 1278 1447
5331 1309 1430
2371 1592 1470
1349 1676 1585
3922 1587 1853
5537 1617 1501
3184 1639 1775
5207 1541 1466
4481 1717 1647
763 933 1710
5924 1368 1410
5191 1710 1634
1767 1645 1767
4831 1619 1808
367 1197 1518
1822 1599 1836
957 1716 1650
1652 1683 1721
595 1704 1695
6129 1640 1779
4267 1551 1458
710 1621 1520
994 876 1563
765 1389 1932
4377 1604 1488
2044 1596 1845
337 1341 1418
3588 933 1548
1589 1557 1470
5407 1596 1478
4298 1610 1457
1008 1019 1483
564 1243 1476
2980 1623 1524
1226 1393 1431
388 1242 1482
4131 1582 1463
3249 910 1612
731 1017 1484
3016 1706 1624
2829 1232 1497
6103 1570 1463
855 1680 1722
5868 1631 1795
2500 1469 1465
4291 1373 1415
3552 1717 1680
5146 1663 1573
4846 1672 1595
3431 1692 1611
3398 1230 1494
906 1628 1803
2981 1703 1620
4537 1560 1879
5302 988 1508
615 1708 1633
1874 1438 1454
787 1710 1696
3691 1365 1876
1111 1325 1415
1917 1582 1458
51 1704 1696
159 1465 1460
727 1530 1464
2109 1683 1596
3483 1716 1647
3387 1487 1467
3453 1107 1509
4295 1404 1918
319 1686 1600
207 1446 1456
6228 1058 1482
4413 1663 1729
3049 1418 1432
4844 1267 1449
3820 1686 1594
1500 1479 1469
1143 889 1569
2656 1622 1808
1026 1375 1412
240 1702 1616
325 1674 1587
652 884 1577
626 1692 1613
3390 1390 1416
1907 1402 1441
2838 1637 1563
3176 1560 1464
4936 1675 1724
499 1659 1596
60 1351 1419
4512 1416 1437
95 1645 1563
3471 922 1681
332 1704 1617
1445 1286 1439
5173 1726 1666
6248 1347 1429
3757 1664 1566
5943 1090 1489
4470 1407 1932
5755 1057 1486
4751 1707 1634
4873 1660 1577
1861 1657 1746
2011 1627 1554
315 1420 1427
19 1693 1605
2783 1549 1460
2726 1634 1796
2825 1431 1450
5763 1380 1423
2560 1113 1513
1674 897 1563
4859 1412 1432
2621 1676 1720
4255 1469 1462
4920 1553 1468
4854 1590 1474
98 1524 1464
1728 1683 1597
2336 1622 1541
5762 1162 1502
1290 1526 1887
1853 900 1552
5895 1555 1465
2905 1655 1592
2814 1607 1504
4863 1276 1444
1195 1648 1754
3583 1673 1597
5555 1695 1707
1146 1288 1431
181 1339 1433
1384 1603 1502
460 1643 1564
4152 1296 1438
632 1556 1462
4356 1568 1883
2939 1407 1435
4971 947 1533
4368 1276 1450
449 1612 1822
391 917 1652
699 1616 1522
4163 1594 1477
5685 1421 1426
4257 1693 1613
352 1343 1418
753 1257 1466
3273 1381 1421
38 1053 1482
967 1710 1635
5569 1492 1912
858 1469 1467
1215 1593 1462
5048 1342 1421
5609 1652 1747
1297 1646 1567
867 895 1583
3963 860 1595
4921 1569 1471
4525 1098 1495
4439 1490 1468
4573 1723 1676
6165 1664 1598
6252 932 1555
4431 1478 1471
1492 1653 1583
256 1714 1663
771 1471 1933
860 1708 1632
5582 1706 1699
2377 1698 1620
2680 1708 1690
488 1601 1486
4330 871 1560
608 1556 1470
5944 1463 1927
4739 1640 1781
4866 1289 1438
1522 1616 1530
3439 1598 1490
1706 1705 1693
447 1678 1721
5845 1546 1463
4718 1087 1486
1851 1563 1468
390 1518 1467
5554 1698 1609
4629 1370 1412
1002 1697 1619
5429 1520 1465
4124 1483 1467
24 1306 1433
1420 1352 1411
6018 1389 1432
1483 1530 1889
3666 1682 1722
3613 934 1535
133 1537 1894
439 1599 1508
1318 1400 1429
1837 1570 1870
4231 858 1603
3023 1696 1708
2608 1682 1607
3930 1574 1869
3789 1641 1572
2187 1522 1468
1888 1105 1507
4978 1104 1503
336 1694 1705
640 1049 1481
2749 1327 1409
2883 1603 1496
4012 1589 1853
1712 1591 1852
1237 1034 1479
4017 1646 1576
2912 1606 1503
1541 1350 1429
2881 1632 1550
5228 1645 1765
2477 1583 1472
199 1525 1881
4185 1605 1508
6189 1595 1495
3637 1654 1565
3101 1285 1439
1101 1549 1466
5559 1265 1456
5176 1346 1424
4158 893 1573
4600 1599 1487
5433 1713 1641
1464 915 1631
5751 1474 1462
5804 1709 1692
59 1692 1604
478 935 1534
3055 1229 1503
634 1685 1606
2074 1221 1503
464 1678 1591
2926 1292 1803
1782 1484 1926
2948 1659 1592
3326 1720 1677
5807 1613 1816
4530 1398 1431
4899 1024 1484
1431 1601 1480
1252 1597 1498
1686 1510 1468
5893 1329 1415
2309 1717 1655
4856 1704 1701
3277 1299 1433
331 1591 1845
4632 1570 1462
1339 1700 1706
2080 1573 1471
4371 1345 1406
4628 1628 1546
993 1625 1541
2616 1666 1590
2847 1702 1630
1158 1622 1523
476 1516 1468
1362 1705 1624
2908 1582 1466
5716 1382 1415
1524 1430 1451
2870 1479 1472
2419 1378 1423
5229 1696 1607
2954 1621 1534
869 1326 1422
2320 1660 1740
3161 1472 1932
4781 1623 1544
5057 901 1602
6226 873 1559
5891 944 1537
1537 1245 1483
143 1601 1471
4089 1544 1461
701 1451 1458
2424 1526 1469
2381 1646 1573
244 1482 1929
3656 1553 1465
2850 894 1601
2365 1212 1513
2668 1710 1629
4852 1659 1574
3911 1578 1461
4555 1363 1396
3151 1333 1417
128 1624 1543
2306 1271 1442
3672 1357 1417
5180 1392 1429
2224 1699 1706
6047 1576 1464
2922 1535 1892
4807 1544 1893
106 1536 1469
3751 872 1563
2747 1606 1514
2458 1417 1436
6217 1526 1895
2228 1624 1809
195 1347 1839
4762 1186 1517
6032 1645 1572
115 1377 1421
411 1583 1864
2294 1712 1695
71 1677 1722
2209 1711 1658
2528 1538 1468
2516 1715 1672
1144 1587 1467
5247 1596 1488
5828 1663 1733
9 942 1705
2826 1605 1503
745 1341 1422
261 1722 1660
4889 1659 1591
5364 1640 1763
2593 1325 1422
3816 1709 1626
3334 1326 1411
5480 1551 1468
5065 1630 1557
286 1657 1564
3381 1324 1430
121 1601 1485
101 1532 1470
2037 1683 1610
3962 1484 1466
6196 1544 1471
350 1723 1677
3811 1173 1508
1508 1509 1466
5298 1669 1571
5025 1287 1438
4515 1161 1504
5225 1626 1492
4018 1616 1527
4125 1682 1717
4794 1095 1497
1429 1712 1660
91 1270 1443
5656 1371 1417
