81 33
74 86
76 16
15 7
73 25
5 37
1 0
52 85
72 34
11 34
22 38
73 36
79 23
34 58
76 90
47 81
16 71
48 67
20 59
50 13
17 88
50 57
76 80
17 72
91 54
33 28
36 42
68 63
35 95
50 40
76 20
7 21
53 90
78 78
59 59
29 5
70 59
85 63
28 14
14 34
6 59
90 77
82 14
11 49
38 7
14 77
81 55
48 89
31 68
14 20
75 6
31 42
89 44
45 76
47 38
49 42
82 87
34 64
57 53
83 87
63 31
10 48
4 26
93 77
82 53
3 73
90 93
62 46
66 48
2 35
80 97
36 58
34 38
50 24
12 71
6 38
28 64
5 11
4 11
6 41
53 26
18 89
87 94
52 38
43 71
96 25
77 3
23 64
88 84
5 34
40 74
21 53
79 59
20 39
63 56
68 93
89 32
26 8
2 45
39 65
68 31
38 80
24 54
32 63
16 84
70 90
68 71
34 55
78 59
84 3
66 74
46 5
53 13
28 30
23 71
21 85
65 88
34 76
9 57
93 24
53 40
3 93
11 89
49 55
18 6
17 25
93 35
45 46
9 96
82 34
40 86
91 18
84 5
66 50
18 13
1 55
89 54
96 29
75 9
48 97
60 28
76 72
30 20
86 80
89 5
12 58
77 60
12 40
84 89
20 97
11 73
12 89
39 61
6 53
26 45
81 2
13 56
94 31
40 69
80 29
40 83
72 40
1 51
90 61
52 81
30 5
34 19
97 39
41 35
29 55
98 1
87 71
98 94
21 11
63 55
15 50
88 68
51 22
43 80
6 97
51 20
50 50
72 68
60 69
85 44
72 76
88 86
76 55
4 89
35 42
42 70
53 15
40 37
79 24
21 74
97 2
55 94
38 61
87 53
48 8
3 67
69 49
11 17
13 83
32 60
79 70
76 65
26 9
82 76
68 38
57 43
96 85
43 24
10 88
70 98
12 44
95 80
24 56
97 79
74 54
10 46
25 39
32 89
31 21
49 47
74 94
4 86
17 92
21 96
46 3
44 8
51 41
5 18
39 72
85 84
75 57
15 76
89 6
6 29
60 77
48 91
0 82
19 10
84 69
82 65
32 15
26 4
44 47
53 23
56 95
78 86
35 31
13 97
6 60
17 60
64 47
37 82
35 91
62 89
52 75
57 54
54 84
89 41
38 26
50 2
83 50
85 86
25 49
7 30
34 39
34 36
53 97
80 63
0 70
4 21
24 43
54 73
21 41
18 95
25 58
38 21
76 83
70 94
49 11
59 73
88 93
0 11
55 28
55 67
22 78
55 78
45 66
19 51
20 69
77 65
76 61
43 38
51 27
97 70
48 55
51 49
4 0
76 59
95 88
13 29
17 93
78 95
50 27
54 20
26 32
89 77
30 35
72 32
32 25
1 24
54 72
32 75
50 8
94 38
72 8
6 25
8 15
68 92
17 35
44 11
6 80
92 43
37 63
3 53
71 31
5 12
72 50
26 79
66 33
53 47
2 52
74 88
88 50
86 60
96 91
83 5
86 52
41 42
47 62
39 92
47 97
46 78
23 24
29 90
74 55
57 72
95 26
21 42
17 71
1 85
76 12
74 49
87 57
86 36
42 25
77 66
0 53
53 77
89 94
6 45
38 57
96 39
9 98
78 56
27 13
30 57
95 75
61 80
82 55
72 57
67 42
56 22
66 88
33 34
41 84
24 50
19 75
31 8
27 53
2 29
13 25
20 20
0 77
9 15
88 80
80 34
35 27
91 58
45 68
44 77
84 34
79 28
80 86
29 34
44 19
92 16
1 95
83 46
29 79
66 96
4 37
47 92
97 20
81 92
89 16
53 46
41 69
52 64
61 64
13 76
52 53
18 44
69 50
24 49
22 73
46 96
63 6
48 15
22 57
2 28
62 40
42 3
7 14
74 31
83 77
85 79
66 64
59 91
85 50
74 20
12 90
13 95
7 55
97 45
75 50
4 45
58 9
98 16
87 86
66 98
35 40
16 50
74 18
32 82
50 4
73 93
3 54
45 42
88 96
32 66
37 86
32 38
7 22
39 25
51 47
9 12
33 37
35 80
12 28
26 14
28 71
24 72
38 42
84 75
79 45
42 47
90 12
30 87
92 59
80 98
X
39 35
5 66
5 0
85 61
47 40
36 67
6 14
20 80
41 86
56 53
83 10
63 64
37 51
4 30
10 28
40 34
30 36
47 88
57 26
24 35
15 58
83 3
94 62
72 53
23 80
5 68
77 36
27 61
79 7
83 17
35 22
84 12
8 88
31 38
89 69
94 86
71 1
5 29
30 56
47 8
44 66
87 93
93 80
35 46
75 82
26 89
38 91
51 39
9 76
50 51
48 46
20 34
53 36
62 73
70 30
29 28
17 33
10 14
81 1
23 19
13 96
73 61
1 98
78 12
47 41
36 39
72 14
28 75
87 12
97 9
11 71
1 87
64 77
88 11
22 81
75 45
1 10
5 6
76 18
4 25
8 37
21 61
24 55
3 22
61 83
39 59
27 4
49 4
2 38
29 49
29 45
8 10
40 44
41 44
12 0
31 31
3 84
34 28
87 76
45 51
39 58
88 26
34 69
19 43
42 21
17 97
49 53
29 46
68 21
83 80
73 3
11 19
75 53
96 37
40 13
38 67
65 92
14 71
33 31
35 94
1 43
44 36
34 59
90 40
96 64
11 83
64 89
3 21
56 59
62 31
9 26
63 81
91 6
27 89
45 52
58 17
3 58
58 15
7 95
89 40
22 54
34 20
24 16
17 41
34 92
56 25
7 49
29 48
1 15
12 98
8 67
63 72
2 60
53 60
19 12
39 14
21 60
15 94
15 0
93 74
75 77
57 88
43 32
78 3
97 55
42 80
74 24
43 49
30 94
89 13
72 35
40 16
79 49
67 8
10 45
78 93
33 20
35 21
12 42
46 71
21 54
2 72
87 67
32 64
55 48
52 62
60 64
61 11
44 70
54 6
15 14
94 93
12 15
49 71
7 85
81 23
59 94
83 74
80 31
79 3
80 71
88 18
77 53
55 70
80 77
53 3
11 94
2 19
50 85
18 63
74 59
35 73
18 52
14 38
2 65
1 90
86 32
71 58
10 73
47 35
41 8
4 93
63 54
39 77
52 2
47 47
86 31
50 68
89 15
45 53
18 16
95 15
69 91
80 33
74 27
10 41
4 66
85 32
74 91
66 73
65 45
7 60
29 71
27 70
26 39
32 81
3 16
97 91
88 3
12 4
80 20
62 80
12 96
21 97
54 10
51 18
81 11
76 73
32 93
12 63
49 58
52 5
74 37
8 22
27 40
16 79
1 76
46 7
0 63
45 88
43 77
25 6
59 52
37 65
4 28
84 40
46 17
90 39
43 67
72 48
2 13
79 17
12 82
16 0
82 95
23 33
57 25
65 43
82 94
59 85
20 3
55 77
76 77
68 10
28 29
80 90
83 18
61 27
58 79
15 20
74 96
67 59
69 47
48 78
39 29
35 47
82 91
68 77
96 14
24 3
14 5
80 36
82 93
36 16
24 90
29 36
98 65
25 5
44 31
7 54
90 58
5 64
11 53
73 97
82 82
64 71
47 20
26 40
57 83
97 24
65 28
21 68
87 50
29 91
1 30
23 78
51 80
25 85
13 50
85 11
58 96
8 83
55 75
95 76
98 17
25 48
21 22
33 85
89 34
37 58
81 84
X
28 22
97 51
64 91
60 63
14 49
18 0
45 93
52 4
76 38
64 42
41 96
55 10
39 33
82 92
36 25
52 7
63 98
21 63
93 33
27 43
65 32
33 94
29 23
37 17
19 65
60 48
18 91
39 86
56 21
92 69
81 94
73 85
68 4
19 54
67 61
31 40
7 8
10 92
58 64
73 13
56 54
77 42
81 12
56 28
60 88
37 32
16 96
81 87
24 42
5 95
49 79
21 76
10 26
71 74
75 74
89 12
22 80
7 91
21 79
83 48
24 22
85 28
44 39
22 8
3 82
87 88
12 14
96 33
93 54
83 7
4 68
41 83
98 91
92 74
87 16
88 58
16 55
49 67
55 40
66 61
0 73
78 81
31 23
62 41
62 71
14 96
65 11
53 76
29 96
74 80
35 69
33 51
64 60
93 37
37 44
4 58
71 95
22 93
90 56
29 10
39 10
86 4
45 34
49 86
77 14
59 46
77 32
88 71
36 29
36 95
19 11
22 21
30 74
87 42
19 59
26 70
61 72
77 79
12 85
54 41
6 78
5 28
67 3
13 18
87 73
89 96
41 95
39 56
75 38
4 70
4 16
42 20
98 42
4 48
72 22
21 23
53 83
26 82
94 82
49 44
64 6
51 91
18 41
75 80
54 64
47 43
37 53
33 19
58 23
13 44
68 3
7 15
44 22
48 74
29 0
31 69
90 5
71 82
52 8
94 34
71 24
56 47
78 52
39 80
79 56
X
7 79
9 81
24 13
89 52
5 7
54 46
36 19
8 21
71 76
65 71
21 66
4 96
83 93
20 16
48 66
40 89
54 31
49 49
98 86
74 83
33 13
46 14
X
21 71
10 61
25 76
93 16
34 57
63 15
95 31
8 34
51 71
58 14
78 84
37 13
92 93
53 91
38 13
22 58
48 32
92 21
62 56
47 77
65 19
26 81
97 26
38 97
95 62
28 27
3 90
67 60
26 67
8 7
78 50
83 14
21 16
42 96
49 13
25 18
36 33
70 96
49 2
7 6
70 43
61 16
16 86
83 39
55 13
95 44
70 7
86 38
57 93
9 46
72 7
33 15
40 48
19 93
75 71
97 36
5 19
7 12
44 25
44 63
37 94
95 10
97 95
66 17
53 89
69 71
81 31
82 89
23 5
43 14
2 51
52 23
14 13
26 47
90 53
26 88
68 12
77 2
22 70
73 14
3 88
51 63
28 86
64 64
7 96
8 16
73 72
76 94
75 64
73 74
12 78
51 68
15 21
81 91
23 34
6 79
6 30
62 69
20 65
37 85
11 16
74 41
38 6
55 59
96 22
84 77
21 45
36 64
19 7
93 81
30 0
4 22
25 44
25 82
47 33
50 38
51 33
97 49
57 31
95 93
61 63
15 51
15 49
84 14
46 76
27 46
37 47
38 48
8 35
45 7
9 22
35 72
19 82
28 73
29 73
2 56
59 6
85 40
63 16
62 47
67 30
17 49
X
63 82
82 77
77 10
20 28
20 25
17 48
33 22
34 37
66 28
71 43
81 19
66 23
60 72
42 42
58 55
86 2
12 23
37 15
47 53
88 36
15 98
93 71
55 80
7 92
78 38
84 38
44 69
58 81
35 83
37 83
63 91
84 72
41 58
68 43
2 90
43 70
6 32
89 63
91 56
64 93
13 24
31 0
5 25
9 8
18 14
66 6
49 18
78 28
54 23
58 40
86 94
12 17
51 9
32 14
49 22
55 16
76 67
38 87
95 30
83 97
62 17
58 22
2 27
22 35
4 27
76 76
64 90
24 71
51 5
31 81
43 61
54 91
36 65
49 45
6 95
34 56
10 76
39 47
61 25
37 79
73 56
59 41
1 53
79 85
35 74
44 55
84 50
71 48
48 20
57 12
89 71
30 81
39 88
8 48
82 7
5 82
92 39
57 39
13 55
91 77
11 70
13 70
87 34
73 62
73 20
22 65
87 32
33 79
89 80
91 57
67 73
42 66
88 32
69 51
88 81
4 35
61 2
96 71
15 35
16 13
88 7
56 10
46 28
61 1
8 97
6 48
17 4
20 51
91 36
0 59
52 78
20 9
19 23
49 51
86 13
33 7
65 87
23 81
38 90
90 71
73 82
11 75
58 63
67 62
96 24
11 39
37 45
45 22
39 19
57 77
25 33
81 97
33 93
74 72
29 3
51 54
28 66
47 13
9 97
67 23
74 71
72 61
10 82
36 83
36 55
75 61
59 75
88 66
52 96
82 70
64 94
95 79
57 22
66 54
3 87
5 58
10 58
34 31
58 39
46 66
48 86
22 97
30 46
16 48
32 0
59 72
19 69
60 89
70 22
6 6
25 40
52 35
5 70
57 28
12 61
64 95
67 95
4 34
15 19
11 63
1 9
6 9
24 67
52 83
39 30
40 32
17 12
92 4
45 63
56 84
18 93
44 46
87 30
87 63
83 88
84 28
39 74
16 61
64 45
87 92
8 8
1 81
65 51
58 52
47 67
92 28
28 68
24 87
80 46
56 23
58 93
57 7
18 98
80 60
54 19
X
56 49
1 13
92 88
91 50
72 12
19 53
7 5
86 23
12 76
97 23
14 52
23 55
6 15
66 46
74 46
48 27
19 20
98 35
3 10
57 27
53 39
68 55
28 4
71 27
19 13
36 23
8 54
9 11
30 4
47 94
75 43
69 82
16 76
7 59
80 24
26 61
43 85
85 82
30 22
38 95
75 35
8 74
62 75
30 60
98 34
71 78
72 74
66 70
82 57
75 17
X
91 71
26 64
46 19
45 80
91 95
49 28
52 61
80 56
47 51
54 22
2 91
51 6
28 77
25 42
44 89
46 89
36 76
15 87
14 85
4 38
49 66
90 91
44 62
83 96
5 45
35 15
60 36
15 33
50 78
43 3
96 74
27 44
72 20
42 60
30 40
9 83
60 24
35 33
43 21
84 87
49 40
64 75
22 64
69 74
91 35
14 9
22 47
3 95
12 18
11 36
26 36
65 40
X
72 21
44 16
96 27
76 79
74 32
29 57
39 66
98 49
86 78
38 93
92 53
40 39
79 20
73 70
50 77
14 26
12 54
8 29
81 89
34 0
66 85
41 76
27 68
7 51
53 62
53 72
81 67
41 23
65 39
75 92
69 39
45 13
33 75
60 35
38 51
78 29
20 74
24 60
5 31
82 66
94 11
1 67
46 38
49 92
11 14
39 84
52 77
93 7
39 78
18 17
59 23
35 17
7 75
58 37
74 76
21 55
30 80
33 62
49 88
14 83
52 72
83 1
71 36
50 91
40 47
32 46
6 49
3 45
43 90
67 75
68 75
42 17
86 81
31 33
81 56
83 22
59 36
85 23
52 65
17 57
44 5
58 76
93 23
22 14
75 93
8 75
10 12
56 83
11 12
72 25
88 89
42 67
34 72
74 45
2 70
23 31
83 35
20 7
4 60
31 19
29 82
74 85
5 71
50 56
21 30
62 77
91 60
72 71
73 39
62 26
66 24
44 92
59 69
68 76
86 85
36 14
41 60
65 4
7 11
9 94
95 12
53 14
40 82
46 88
80 75
35 26
68 16
5 22
81 44
78 61
15 15
26 15
73 83
58 69
76 19
59 74
49 70
59 78
97 63
0 13
15 74
79 69
34 33
94 19
24 93
86 74
5 88
14 68
2 48
42 92
91 1
32 71
2 98
43 58
61 73
0 93
86 6
10 13
92 73
38 45
22 10
27 20
27 62
95 68
45 60
65 42
47 61
58 74
70 91
28 10
88 49
35 0
48 7
23 43
17 19
68 40
98 24
18 42
56 46
34 32
78 45
X
3 77
48 95
37 93
47 56
12 83
32 70
31 66
64 57
82 15
81 10
69 63
62 79
53 64
66 45
63 92
72 28
59 64
63 17
52 19
2 73
53 58
72 65
13 84
4 87
3 64
17 73
15 90
66 32
70 9
78 64
14 82
22 40
23 82
47 73
80 5
92 94
69 59
76 89
8 14
96 62
33 65
98 62
94 28
13 75
87 87
98 10
66 44
25 90
56 57
4 61
53 7
17 52
38 63
50 54
92 6
15 70
22 61
95 6
25 62
72 58
47 39
86 45
98 9
50 53
71 55
65 70
15 18
56 3
93 31
57 3
58 3
57 52
40 22
59 3
50 96
65 52
35 58
34 14
36 91
2 34
21 24
82 33
22 15
69 35
32 24
24 15
42 69
88 44
16 90
72 13
36 51
9 68
54 54
29 33
35 93
47 11
74 56
39 52
80 13
51 81
66 95
89 24
44 14
76 21
87 54
92 68
32 49
66 53
23 12
54 43
65 56
68 29
63 67
0 22
35 78
92 5
32 42
59 89
17 74
83 19
11 2
59 68
13 34
16 59
52 41
44 65
96 68
53 41
16 91
11 20
86 20
43 39
6 74
94 12
38 70
12 37
96 77
21 57
3 23
10 62
69 93
12 84
2 32
7 23
9 32
40 67
10 97
4 42
62 15
64 8
40 52
35 32
42 81
24 61
7 70
98 12
29 2
94 15
77 12
33 63
39 2
28 60
41 73
31 20
86 14
32 23
73 71
88 8
8 25
48 49
9 16
18 81
12 59
23 30
25 75
76 70
50 88
92 33
80 70
72 95
39 75
74 82
7 17
76 43
26 86
67 83
49 19
12 13
20 56
35 29
91 13
2 50
1 56
83 85
21 52
90 41
37 97
48 6
16 5
64 11
9 45
24 74
97 68
75 44
74 81
6 8
73 96
78 92
82 88
56 43
78 20
48 2
74 78
55 6
39 39
85 73
56 6
18 51
36 0
87 84
20 22
30 33
23 84
88 92
4 12
9 10
2 83
65 80
48 82
57 95
46 77
69 67
60 6
77 80
37 0
66 75
32 22
0 52
51 35
54 93
78 36
49 90
82 42
26 38
76 91
51 65
19 58
14 90
72 44
80 3
5 41
84 47
61 67
43 25
83 98
61 35
51 77
84 22
7 48
74 43
53 86
64 78
64 7
80 26
28 59
25 41
48 38
26 21
42 45
22 87
26 35
13 93
83 66
42 56
30 21
88 24
44 15
5 84
2 81
65 6
43 19
52 74
60 73
8 45
43 69
46 65
9 59
23 83
91 76
64 40
40 87
46 87
64 28
28 16
43 36
49 15
7 52
39 0
5 38
51 64
23 57
5 32
38 73
97 10
66 94
91 83
47 96
69 6
56 2
40 0
25 80
94 80
1 58
96 80
8 42
88 12
93 15
54 97
37 67
27 28
60 55
66 8
91 97
77 98
27 81
23 93
58 34
9 65
94 3
53 25
28 47
69 8
56 41
36 46
73 50
6 4
29 29
70 66
63 2
18 7
11 84
27 80
87 14
67 40
84 9
49 62
5 21
12 34
60 62
98 14
92 54
3 38
94 81
6 58
1 82
88 56
22 94
46 29
3 66
54 18
10 63
68 84
74 63
22 60
8 65
55 61
12 65
3 9
54 95
26 80
88 78
14 4
12 9
23 26
78 72
47 9
28 79
11 92
42 1
14 28
68 37
52 9
68 30
29 83
22 72
98 54
24 4
24 30
97 38
63 10
88 57
38 94
18 55
81 22
13 19
37 28
20 53
12 29
73 94
18 34
70 21
95 98
91 96
92 96
67 32
66 60
67 84
41 81
47 85
17 90
93 64
90 22
57 85
87 24
39 36
12 79
76 41
3 94
6 67
61 74
97 40
34 50
43 60
34 7
16 19
X
94 29
87 9
35 7
24 76
4 43
12 12
16 8
63 45
9 54
30 41
48 65
26 91
3 25
86 70
41 13
67 46
39 15
28 23
48 22
43 66
78 75
36 77
38 56
78 90
13 11
24 31
74 35
14 50
55 56
76 64
67 38
45 16
77 63
75 58
55 71
47 55
75 78
77 35
44 1
45 1
53 50
4 5
15 93
38 8
98 80
20 57
73 17
52 34
55 34
69 46
75 16
9 49
72 39
16 10
7 41
93 66
40 95
93 38
2 68
70 13
77 15
15 16
41 62
67 88
81 36
41 46
15 6
14 66
80 95
33 42
51 55
18 18
89 51
41 0
79 64
71 30
75 94
41 90
69 1
81 78
91 84
43 35
14 95
24 27
49 21
66 86
2 63
96 65
32 37
59 28
43 82
52 39
19 45
24 25
30 6
85 72
45 79
58 11
44 80
34 49
49 8
45 10
82 38
44 0
15 72
53 29
50 64
83 79
72 43
92 40
43 96
66 7
76 29
22 55
28 84
51 76
32 54
98 21
88 14
32 91
41 6
34 51
8 86
26 66
88 13
18 43
68 22
41 17
51 90
73 1
8 11
89 82
42 43
70 65
1 65
52 17
5 69
89 86
35 85
10 22
16 33
29 78
50 39
30 82
45 81
22 31
81 83
85 53
93 88
23 68
25 34
81 90
73 7
39 76
69 32
54 26
45 35
75 1
69 41
33 47
17 11
40 56
19 83
62 90
87 55
45 56
95 42
38 47
22 18
80 7
7 63
34 40
78 8
49 50
27 11
71 94
43 55
38 78
48 73
9 91
79 82
22 52
71 64
36 11
95 83
30 48
17 42
73 18
38 43
94 23
37 57
46 92
63 53
53 6
71 53
46 49
97 37
87 19
84 39
72 31
1 66
87 17
29 52
2 53
95 53
53 4
84 18
73 58
59 4
90 59
15 38
34 24
85 74
46 45
28 12
24 86
48 37
21 46
56 88
95 82
36 27
45 44
67 37
46 61
66 21
14 84
33 33
5 9
45 0
84 81
54 27
16 25
43 15
33 43
7 39
43 73
95 41
83 47
53 0
88 67
25 98
98 66
96 76
2 69
61 70
24 80
83 21
24 39
20 10
95 95
56 20
X
79 38
5 40
72 4
69 95
55 69
26 10
13 81
6 28
26 48
48 80
79 12
41 79
44 56
76 4
64 5
42 76
57 11
71 13
69 92
X
72 96
30 10
85 78
48 41
78 4
13 8
69 57
39 34
30 91
92 62
98 63
76 2
25 87
49 52
65 64
92 81
55 22
91 85
79 11
78 9
26 74
0 58
87 1
16 93
11 21
96 38
84 13
87 11
90 1
64 98
25 66
4 72
6 70
49 29
19 72
26 52
81 17
73 53
20 98
48 87
83 49
14 56
73 60
37 21
30 29
47 78
64 48
29 39
7 88
1 61
65 31
69 26
45 58
83 78
20 93
78 44
93 62
53 68
62 16
46 35
74 57
24 20
55 87
79 57
47 50
39 23
65 58
32 20
33 71
78 96
36 71
54 0
55 0
7 68
33 52
32 19
17 68
57 65
59 65
90 45
93 72
44 41
12 77
85 91
25 43
84 51
4 73
57 86
34 11
15 28
16 58
31 98
21 98
49 41
55 93
9 18
2 88
51 62
60 3
85 33
90 35
95 92
6 13
37 62
26 31
83 33
10 55
98 79
95 4
3 5
60 74
41 87
X
97 34
48 18
14 15
44 29
29 77
54 57
33 80
47 31
8 3
46 36
19 42
37 50
20 67
79 81
68 47
59 63
24 97
88 46
75 76
5 47
19 91
4 17
10 43
52 40
4 10
96 93
34 47
64 56
96 75
95 23
7 76
32 90
22 77
63 36
78 80
56 67
85 64
92 63
66 19
14 12
56 27
15 12
58 32
79 22
73 73
50 35
65 46
6 72
24 70
43 48
82 18
58 42
82 22
66 84
52 47
42 65
85 36
34 26
89 74
44 81
80 10
56 85
37 16
84 57
51 60
70 70
6 5
15 60
4 2
26 30
84 10
44 94
84 70
78 69
58 94
79 95
77 41
46 12
62 30
20 35
38 60
5 43
90 52
94 94
92 55
75 31
36 38
20 54
47 17
21 43
34 22
61 66
56 12
47 54
38 29
23 28
53 49
77 48
81 28
69 7
0 94
37 81
8 5
98 40
84 88
72 33
69 3
8 84
47 14
13 47
6 50
23 96
75 29
1 29
9 6
76 86
19 41
36 60
30 51
22 59
71 56
19 64
32 59
33 49
54 92
73 31
6 56
68 81
89 38
13 26
95 37
12 35
17 58
8 2
48 52
65 50
24 18
3 96
97 58
70 23
9 80
74 3
12 93
14 29
63 24
64 66
84 68
19 6
23 77
91 74
56 0
X
66 22
59 57
52 20
97 41
63 27
6 55
49 33
44 71
88 15
91 67
5 53
52 33
65 33
38 83
73 26
26 6
64 18
6 89
57 59
63 28
96 84
89 56
0 64
46 34
53 38
2 57
66 82
46 40
91 65
63 19
6 81
28 5
16 11
81 77
51 40
16 41
69 28
37 6
96 15
65 29
24 41
58 86
82 13
88 98
12 2
89 14
79 34
79 54
98 46
66 36
38 35
6 20
94 61
51 95
81 79
27 85
47 49
34 85
46 16
95 58
84 29
49 16
35 89
32 28
0 67
51 70
61 56
93 14
41 65
71 97
48 35
93 83
10 16
55 43
61 24
20 2
12 16
58 77
93 89
37 34
33 59
55 51
72 26
19 17
36 56
35 88
24 78
81 71
65 98
24 11
81 45
22 2
55 63
83 91
42 62
38 84
60 68
14 86
41 93
X
23 79
27 7
81 3
92 13
65 86
25 92
93 13
2 14
50 61
77 86
8 94
63 85
57 80
64 27
35 20
80 64
80 85
54 17
74 62
81 34
5 85
46 94
95 90
3 40
64 37
4 39
55 72
46 20
5 14
41 9
65 59
54 29
53 21
31 56
49 5
76 75
21 15
57 79
28 45
0 10
15 83
85 41
54 11
88 65
73 63
8 89
52 54
15 86
52 89
22 32
79 29
95 71
59 24
77 46
95 74
3 72
34 34
58 83
92 36
12 88
41 94
7 72
X
19 66
78 54
1 77
40 35
4 23
37 98
65 66
63 40
30 66
45 75
75 86
48 75
61 92
29 24
48 72
39 96
58 67
59 90
64 62
71 10
75 10
31 37
73 51
79 21
72 85
77 40
50 59
90 75
28 51
55 55
63 57
41 50
57 91
43 50
33 92
60 0
26 23
74 74
85 17
92 38
35 82
65 60
83 25
96 92
51 89
26 84
69 78
54 89
53 56
79 94
64 44
20 33
68 32
96 59
96 21
13 13
72 37
78 94
10 39
61 52
90 85
14 8
50 90
8 98
30 89
11 90
41 43
30 2
30 75
19 8
25 72
33 72
71 9
65 93
12 49
61 0
96 95
58 6
51 72
52 15
85 38
59 22
77 31
19 19
25 20
58 33
32 13
38 36
11 64
72 64
54 94
61 28
54 15
82 58
66 91
42 14
69 44
75 48
33 81
53 52
25 37
57 68
78 83
13 71
98 67
80 9
70 47
82 47
80 2
20 38
24 85
95 87
35 18
66 92
24 46
75 73
8 72
69 70
86 79
2 11
69 24
16 60
83 34
74 40
85 22
45 49
40 42
41 19
40 38
37 22
19 24
23 92
98 3
4 4
79 72
72 56
45 89
77 37
17 81
49 89
92 72
25 17
85 55
12 67
68 83
3 35
38 66
93 51
28 69
16 73
96 55
38 20
63 79
53 53
83 63
61 40
12 41
70 41
11 62
30 93
12 30
47 71
73 38
40 2
10 83
14 94
7 78
71 80
29 89
30 16
77 43
16 68
59 7
42 86
94 43
8 4
89 57
49 20
15 88
43 10
48 30
81 46
79 32
89 78
82 81
83 32
42 16
35 66
9 51
66 30
67 93
54 80
14 58
92 86
78 33
77 30
19 90
84 52
69 73
94 35
80 14
82 2
43 54
91 52
51 10
1 57
48 28
9 64
7 38
23 59
42 37
42 2
57 37
98 70
54 40
10 98
78 21
54 49
64 80
44 42
79 44
41 91
30 67
86 61
82 12
75 40
98 61
81 21
67 82
16 26
14 92
11 82
20 92
27 33
4 20
50 80
35 71
49 77
51 8
86 12
92 57
97 25
41 26
85 92
23 91
44 88
3 51
10 65
69 89
98 84
93 43
56 73
52 76
15 4
9 47
83 81
14 64
37 60
6 44
26 68
93 42
23 52
9 71
81 20
27 32
12 92
49 60
71 0
10 74
72 0
53 82
85 29
56 44
25 4
67 94
49 64
73 34
13 62
25 88
X
74 34
37 11
62 39
46 32
17 18
10 3
5 30
63 86
91 22
54 79
67 52
61 91
85 34
35 56
93 28
27 42
95 91
2 24
6 88
80 57
90 13
47 45
18 22
93 6
73 0
49 78
89 39
34 18
26 22
6 35
2 58
98 45
6 83
81 53
29 47
68 89
44 24
75 89
71 37
84 8
50 60
2 10
71 54
73 54
60 61
88 43
2 54
56 48
18 40
5 91
94 74
40 19
6 52
48 64
25 77
42 50
95 97
15 54
21 87
34 77
25 38
47 93
43 56
48 69
19 35
41 74
21 9
85 7
23 3
90 72
71 51
32 40
51 2
83 60
18 88
7 26
4 9
69 64
19 5
75 24
75 75
12 74
89 50
98 47
43 16
57 61
36 21
4 32
74 0
96 81
32 85
65 9
47 80
98 64
30 77
42 83
58 72
47 34
38 77
55 73
53 79
91 38
53 57
31 3
30 44
60 60
34 79
17 65
42 15
89 18
71 77
21 65
45 96
8 6
34 48
16 28
26 42
55 21
46 47
5 39
54 2
89 68
4 31
34 89
38 17
32 74
18 12
15 40
20 79
4 97
33 50
30 14
75 0
65 41
86 22
37 78
18 45
68 94
13 35
16 6
55 4
57 74
18 68
70 57
98 43
41 12
12 24
4 95
46 62
76 57
6 66
1 46
69 40
41 14
76 0
47 12
76 40
48 12
87 15
94 72
22 6
83 90
79 0
8 77
66 2
23 25
27 6
52 98
91 41
7 83
68 49
26 77
6 27
25 97
88 51
53 84
51 58
11 58
17 27
54 13
21 56
87 33
44 38
78 58
18 11
X
48 29
58 78
19 21
69 4
3 60
58 43
6 33
94 53
42 19
65 38
X
35 64
43 23
24 52
90 54
39 37
35 41
19 22
74 38
66 10
4 64
76 62
15 78
93 93
6 16
49 93
50 37
79 65
45 26
9 35
85 70
55 23
70 4
10 89
19 55
15 79
80 12
61 71
26 11
71 50
89 25
67 2
14 75
58 66
94 9
40 53
35 11
40 20
10 71
96 9
27 66
61 46
43 89
32 62
62 24
3 74
79 68
2 77
34 62
90 18
X
64 82
7 29
73 5
9 38
93 12
85 85
37 61
87 36
85 19
32 65
50 20
75 49
8 68
96 23
0 51
82 56
25 25
32 80
89 90
98 39
41 11
91 53
18 90
94 22
81 16
90 30
91 30
38 64
47 64
93 30
20 82
1 23
90 32
13 48
37 70
44 6
41 70
30 84
87 77
14 24
20 75
45 11
78 11
2 97
25 61
10 23
3 89
57 38
93 68
73 4
31 34
97 94
42 39
32 33
28 31
85 67
18 35
79 2
76 56
68 26
57 42
97 86
40 17
89 55
25 67
57 40
49 97
66 80
76 25
11 43
41 45
71 2
77 62
55 11
23 15
64 39
56 45
23 32
84 4
58 91
98 25
47 24
70 49
75 7
97 96
2 12
34 27
63 52
47 57
6 75
11 40
6 10
62 60
89 49
10 69
68 54
32 97
56 92
10 25
71 57
38 27
33 69
73 57
60 17
46 51
49 27
95 69
86 40
72 2
35 48
80 82
6 37
54 88
73 2
26 46
15 39
82 50
34 68
26 62
19 33
17 26
41 54
11 55
15 57
57 84
83 2
41 66
17 10
73 98
54 45
18 10
27 30
48 16
54 50
67 54
63 70
93 4
22 74
61 23
7 87
72 54
63 23
25 93
73 55
20 96
72 94
66 56
77 70
41 78
93 79
10 44
82 24
38 52
97 27
36 85
46 39
51 96
86 24
47 15
37 41
40 41
84 17
48 33
71 8
72 67
94 4
76 42
62 81
14 70
80 23
49 72
42 87
60 75
12 55
55 33
26 43
45 31
16 89
50 45
46 9
74 36
52 80
82 23
2 25
75 8
10 59
42 13
81 60
25 28
56 15
13 63
69 56
84 2
6 11
6 61
8 81
52 57
19 34
87 81
29 44
41 20
31 60
53 78
12 19
38 44
79 8
28 34
98 74
30 32
97 69
48 24
8 46
21 58
41 1
20 76
49 68
11 24
40 79
11 46
92 2
10 11
31 90
27 67
13 36
18 73
43 75
59 61
77 68
28 85
21 78
8 23
45 77
40 55
95 43
60 76
66 71
70 50
94 73
75 87
16 24
85 65
11 11
9 44
90 82
13 20
15 59
57 13
89 8
79 46
77 94
53 92
37 25
62 74
66 26
49 39
72 55
6 64
63 37
91 39
23 98
15 17
39 38
69 20
91 93
50 74
15 11
62 12
64 3
76 13
6 34
46 81
34 23
80 0
7 53
10 54
57 62
59 62
70 6
X
5 3
57 10
54 56
59 10
82 6
26 75
68 44
83 62
81 69
19 52
7 9
X
39 54
67 96
9 9
17 28
9 33
12 56
87 64
48 54
25 50
63 41
90 14
84 6
80 59
27 77
10 86
24 48
70 52
90 95
54 74
44 59
61 54
4 15
79 93
26 26
39 67
90 44
13 9
82 21
45 67
98 7
8 32
82 97
39 26
65 53
16 35
93 63
50 19
30 78
87 13
56 81
81 0
59 81
67 48
83 56
52 82
82 83
56 80
7 36
11 97
1 44
7 64
28 21
56 89
77 87
37 7
93 22
44 27
18 79
84 23
84 91
12 75
69 94
79 62
96 40
19 88
31 36
13 15
1 92
3 19
35 67
4 40
15 80
15 5
49 65
42 79
55 39
39 28
X
53 27
66 42
72 3
72 42
9 3
35 38
50 28
54 28
22 63
8 78
31 63
65 81
82 0
77 33
74 75
55 76
36 20
65 30
66 51
44 97
1 47
14 3
94 58
88 17
53 66
80 50
84 36
3 39
15 13
66 31
70 10
7 82
9 20
10 20
7 35
3 98
27 27
13 74
97 66
22 19
69 62
17 98
45 87
32 92
17 13
47 87
25 83
79 39
18 80
41 47
14 73
10 18
8 55
40 96
68 50
17 3
40 59
82 98
29 80
26 33
48 58
54 7
64 29
86 33
40 57
4 63
93 39
87 31
17 89
50 46
9 58
77 58
23 8
12 10
95 33
47 79
70 56
73 29
5 26
25 86
7 40
39 89
32 67
34 86
10 40
36 24
83 75
3 59
28 18
28 13
32 48
14 36
0 46
14 47
20 43
78 34
45 48
24 40
30 23
46 1
14 25
68 90
9 41
43 18
82 10
45 91
27 8
84 37
95 5
55 68
51 43
36 40
88 91
38 46
86 34
39 87
22 41
16 9
79 96
93 94
21 67
95 94
70 26
66 76
95 96
96 10
77 71
93 41
12 53
7 94
87 78
14 53
30 25
94 78
96 78
91 72
20 30
3 6
44 13
22 17
90 98
82 75
1 86
25 69
71 79
58 95
43 64
15 42
38 96
4 6
88 45
72 24
1 45
40 14
68 51
47 1
52 25
16 47
46 63
47 63
X
28 9
73 32
44 68
82 16
53 73
50 49
40 76
35 9
16 64
32 47
9 37
58 25
45 8
18 78
29 74
70 27
97 90
43 9
70 35
55 89
49 91
36 74
16 16
92 64
65 63
70 72
50 58
88 27
70 62
52 59
21 62
80 88
86 21
26 54
49 17
59 60
58 59
55 44
47 37
95 63
93 70
3 33
24 73
90 94
44 61
47 82
37 52
53 1
71 60
51 29
32 51
37 33
55 1
16 56
56 1
59 29
10 36
23 16
37 64
40 3
11 28
70 29
60 1
50 12
97 15
69 80
52 95
85 81
6 47
17 59
21 38
92 95
82 68
12 11
89 93
90 86
86 73
57 64
12 62
82 69
41 24
24 19
39 16
24 47
25 47
63 9
38 59
27 47
37 89
80 87
30 69
42 89
96 94
20 46
48 47
71 26
94 54
53 5
98 41
64 12
78 60
49 94
16 29
9 42
9 79
11 66
37 95
60 40
62 61
42 58
0 65
85 43
65 12
90 43
60 57
57 63
11 65
53 81
21 39
91 86
85 83
15 65
16 69
74 70
56 8
74 93
81 7
97 47
32 29
62 76
49 46
70 55
73 49
56 5
52 46
91 33
57 98
30 45
89 91
77 55
14 59
55 60
39 18
7 37
95 3
47 18
8 18
12 95
59 48
95 57
14 37
21 77
49 74
84 7
0 56
27 48
89 45
25 35
38 22
59 16
48 88
58 90
96 82
45 59
61 84
32 35
35 50
82 9
2 82
33 21
58 18
82 51
90 74
21 47
10 49
27 86
97 84
77 20
56 68
3 85
63 18
80 32
96 3
33 78
59 27
83 0
89 85
73 8
26 85
57 81
27 49
83 70
86 65
27 87
16 52
83 64
24 88
70 28
73 89
60 80
82 86
96 69
83 20
70 37
80 25
47 48
13 94
77 75
30 34
8 36
81 75
62 72
40 46
98 32
59 79
44 26
34 52
82 5
7 13
57 44
88 95
63 43
92 27
8 13
85 31
57 21
11 88
57 46
77 78
93 92
43 86
73 44
97 82
48 63
22 76
15 89
8 92
41 55
20 81
16 78
46 82
63 1
71 93
11 41
67 29
22 9
69 21
49 3
71 63
68 70
14 72
34 74
13 17
10 91
92 45
32 39
51 3
14 21
94 69
84 82
69 23
87 82
94 33
60 67
8 87
76 92
37 49
78 19
46 91
28 62
52 48
45 47
80 21
86 8
98 69
68 78
86 30
93 73
64 1
22 46
22 7
60 82
36 87
55 86
56 38
31 82
80 91
67 89
6 68
9 55
29 66
28 44
81 80
7 19
25 7
33 29
53 93
96 30
12 27
39 6
32 55
91 23
88 82
25 27
58 92
38 55
35 57
81 93
34 25
23 13
35 76
44 67
40 6
16 49
74 2
5 48
9 87
57 9
67 44
81 57
12 72
14 62
43 6
56 60
82 54
81 50
59 37
12 48
20 19
2 96
75 56
82 35
1 12
58 62
9 85
11 85
25 54
52 79
63 66
96 54
51 30
77 81
52 30
50 43
39 20
18 64
6 71
44 34
26 98
90 60
55 31
33 74
35 13
21 69
63 61
65 61
12 22
87 0
12 38
16 88
49 85
23 20
35 70
85 98
21 93
95 24
87 96
88 94
64 9
4 41
20 24
56 26
81 88
25 57
44 53
51 69
13 46
16 4
38 14
44 87
66 89
31 97
66 27
22 33
77 54
43 57
97 93
44 7
20 95
16 42
91 82
80 68
50 6
74 97
88 0
45 39
75 52
20 4
29 72
46 44
95 36
51 85
36 94
38 62
93 76
53 44
89 31
52 50
91 27
33 67
51 48
54 96
X
9 34
59 15
38 19
78 55
23 4
86 56
38 79
7 65
48 13
81 26
20 83
89 58
7 86
61 39
72 1
0 57
91 26
8 28
0 66
73 45
24 34
23 76
79 78
22 29
78 89
55 83
24 29
90 38
35 65
5 5
17 66
16 12
94 63
43 95
7 90
92 67
28 32
59 35
88 34
52 24
33 32
23 60
39 43
12 8
57 6
26 59
27 59
42 57
89 0
67 92
76 49
57 69
97 17
5 56
15 8
10 56
72 18
62 7
44 21
79 41
54 59
72 88
93 20
10 70
84 92
58 47
57 45
57 67
70 63
73 24
33 68
75 37
71 81
37 68
37 12
17 8
64 81
18 74
97 87
78 47
7 71
32 50
98 95
13 85
89 33
35 28
75 13
32 26
19 16
80 48
67 10
82 19
51 56
17 75
27 9
7 16
48 76
74 1
3 56
13 60
34 71
73 21
73 46
26 55
92 19
2 94
66 25
63 78
10 34
68 25
97 62
72 52
80 44
77 34
20 8
73 79
43 29
25 81
19 78
95 54
43 72
94 30
35 51
59 26
38 65
23 61
65 7
75 25
30 54
12 47
22 34
65 94
49 81
47 95
7 66
91 0
8 43
8 31
14 55
5 83
76 1
56 51
3 29
94 14
74 51
9 86
63 49
34 80
20 44
48 42
59 82
25 31
81 58
51 42
54 42
83 59
71 38
96 56
57 29
24 45
54 71
27 31
9 19
75 85
57 96
85 13
63 12
4 59
86 82
56 86
97 22
69 52
8 39
77 1
14 74
73 76
68 79
39 31
4 81
53 67
35 75
78 1
63 77
35 8
96 90
0 48
95 27
65 44
22 20
50 82
79 1
9 23
28 17
6 22
65 75
33 39
16 77
19 77
4 54
76 85
73 37
22 5
6 93
51 52
84 94
95 61
43 8
25 23
66 90
24 98
89 46
96 46
45 20
65 72
76 81
31 70
26 58
47 65
75 60
84 66
86 88
8 38
71 91
9 40
38 53
94 2
26 83
69 58
67 50
72 59
13 28
94 13
91 68
78 65
45 62
96 44
3 71
1 14
48 39
98 48
11 30
15 26
X
43 87
35 45
58 61
65 95
96 2
2 66
10 10
95 85
42 85
25 55
84 76
72 63
29 84
35 25
45 94
46 8
15 97
48 17
23 44
90 42
13 10
24 69
39 55
30 68
33 23
29 18
54 53
45 30
26 5
43 11
71 49
35 60
49 96
88 88
2 64
15 55
23 41
1 63
21 59
83 6
45 19
54 52
32 87
54 4
90 92
36 22
89 64
38 76
47 19
45 18
22 43
35 59
7 93
1 35
50 66
62 91
47 76
67 25
79 33
5 50
98 38
83 82
42 88
0 72
78 91
7 50
30 97
38 74
3 69
81 54
41 82
59 11
8 52
16 14
85 6
22 56
68 17
53 51
49 35
70 42
63 84
92 0
84 63
20 66
4 29
74 17
94 45
58 60
0 86
28 52
89 84
77 61
55 27
84 61
53 11
16 57
59 77
68 62
70 71
19 81
12 60
7 47
88 25
96 31
10 29
0 87
88 6
42 48
94 25
68 72
85 62
36 81
91 37
79 19
75 23
17 77
46 15
70 89
33 86
23 29
86 35
45 21
56 4
42 74
30 90
61 8
59 93
57 4
74 50
51 74
12 21
16 27
72 10
61 48
75 55
65 47
84 73
58 53
91 19
36 61
87 29
67 21
72 69
68 53
73 80
54 77
9 82
15 25
74 10
33 45
14 91
16 7
23 38
97 64
17 34
63 94
68 87
71 96
6 69
40 45
34 67
2 55
9 70
23 74
63 58
91 42
24 21
23 23
71 46
38 16
3 31
14 65
69 65
87 66
63 44
1 18
4 24
92 89
42 22
53 75
54 82
3 18
4 90
98 11
67 72
98 2
5 96
40 10
X
95 38
32 34
61 15
24 9
41 41
36 57
29 30
4 82
12 45
37 30
8 19
40 90
43 30
82 1
3 52
37 20
50 89
7 74
56 61
50 30
32 94
30 28
46 10
33 24
50 47
36 79
31 67
46 13
53 43
88 87
53 37
74 98
79 66
80 66
97 48
6 3
59 25
32 88
57 14
25 78
41 88
21 7
7 58
40 51
21 40
88 31
84 80
84 95
91 94
12 91
12 87
14 87
37 29
13 58
46 80
59 88
40 78
8 64
87 56
44 20
90 37
0 81
60 16
42 91
8 17
7 3
27 75
67 53
42 49
96 47
71 73
94 0
63 46
12 86
2 89
42 44
83 73
35 23
53 95
76 51
26 7
58 10
55 62
30 53
41 40
17 22
4 74
53 24
10 85
69 66
93 40
3 80
73 75
57 76
1 93
76 63
14 78
57 24
87 22
48 23
81 14
54 5
29 32
53 20
23 36
82 8
88 70
54 69
34 45
24 77
71 29
24 17
43 65
64 10
27 73
11 47
23 54
95 0
2 23
40 73
91 75
88 55
44 32
31 17
74 84
30 52
51 79
42 82
65 23
6 63
30 18
32 18
17 64
61 59
72 73
86 87
86 29
47 42
23 69
21 12
85 8
24 12
19 56
82 79
74 95
56 72
9 93
69 36
1 94
25 12
36 63
28 33
26 25
44 76
9 39
82 96
30 85
62 70
23 53
64 58
3 57
89 1
55 91
71 72
75 32
53 69
72 70
35 87
90 66
45 50
44 35
71 42
76 58
41 37
62 28
17 95
7 28
22 45
84 85
64 19
41 77
72 38
22 23
51 73
83 23
96 0
44 17
91 45
38 12
70 61
66 43
88 23
20 52
68 82
37 90
36 7
43 68
43 22
98 8
7 46
93 53
88 77
52 90
3 15
44 83
55 25
50 92
67 79
86 62
80 78
77 4
32 16
60 83
90 67
67 9
53 63
36 70
59 17
70 92
16 3
78 30
59 45
85 66
21 73
14 97
79 30
14 79
37 48
61 17
54 70
92 35
5 63
22 79
55 12
63 30
20 21
21 34
3 92
89 98
48 51
0 96
77 59
9 92
72 87
38 49
77 49
39 91
40 49
81 49
41 7
23 21
54 61
74 9
X
81 70
36 92
67 51
95 49
92 42
87 18
70 60
67 17
75 22
25 36
64 24
79 4
27 45
30 24
41 68
96 13
72 93
97 13
16 15
59 83
38 34
40 36
96 48
81 47
44 57
38 89
21 64
17 70
74 79
50 29
75 98
23 70
18 82
62 57
78 17
70 68
42 38
97 65
52 29
20 40
55 57
48 36
16 74
32 77
20 15
23 40
47 16
13 92
78 53
31 35
77 9
48 34
16 66
88 22
16 98
83 24
45 32
24 83
80 4
57 41
19 46
95 46
40 33
86 63
43 93
5 86
37 96
45 33
22 11
6 54
23 65
51 75
57 32
58 16
34 81
69 29
49 69
28 20
83 92
22 85
12 73
85 59
87 5
58 97
79 86
63 83
48 79
31 46
6 77
58 65
58 31
20 63
63 48
83 4
8 95
21 25
27 15
61 81
3 70
92 34
11 60
20 78
77 29
67 31
11 9
65 74
2 18
89 43
29 67
14 76
21 92
20 60
92 37
51 23
5 94
58 71
1 96
97 0
18 3
96 50
97 50
33 25
4 88
28 70
48 92
63 26
79 36
17 9
8 44
74 30
87 4
97 32
40 15
67 98
85 54
57 57
48 70
88 4
19 18
59 56
24 33
95 1
62 23
87 28
5 98
96 1
6 43
70 67
20 13
62 59
97 1
10 8
42 75
55 24
91 31
77 73
92 31
3 17
27 84
26 13
17 56
57 75
33 14
49 73
46 79
91 46
31 6
15 69
98 96
57 71
11 27
19 67
91 70
31 22
29 56
95 81
44 82
91 59
82 84
32 6
28 46
1 70
55 15
58 98
89 65
35 43
52 58
46 30
54 78
47 66
49 36
49 38
23 27
84 86
24 57
37 46
54 36
20 32
19 70
30 31
64 63
54 37
68 41
92 44
16 54
52 22
13 49
60 33
6 87
72 19
69 38
37 35
80 69
53 87
64 85
70 24
65 96
73 19
15 95
89 83
73 33
74 33
21 95
37 14
98 0
21 44
7 84
46 54
19 92
4 67
5 67
47 27
29 51
63 93
15 56
43 47
39 49
98 81
89 23
94 20
90 25
92 23
62 11
45 55
2 1
44 78
10 33
63 3
55 92
43 81
10 64
5 2
18 8
80 15
78 22
6 96
37 59
3 24
41 56
52 44
19 79
30 17
66 18
74 7
11 48
97 19
0 60
18 21
15 24
93 36
56 58
23 50
22 48
73 30
97 46
48 21
0 47
56 71
16 70
16 95
13 41
19 60
15 41
17 69
86 15
33 48
51 21
15 92
66 3
82 32
61 94
98 53
85 30
21 8
12 43
77 28
24 24
1 52
69 61
3 28
77 76
47 46
56 79
5 93
23 56
50 70
74 29
50 34
78 10
93 32
15 52
6 2
3 1
26 97
19 89
62 66
53 48
2 33
62 62
56 78
13 72
9 2
32 79
89 28
50 41
31 74
75 70
37 73
85 56
45 17
10 77
18 53
98 22
76 54
83 68
56 63
54 24
70 3
69 9
86 10
84 60
98 18
52 49
6 12
68 88
62 38
36 80
6 82
64 41
82 78
1 88
72 86
5 16
94 10
28 8
6 46
60 84
10 35
49 76
3 63
57 94
29 8
14 93
8 56
45 92
68 95
74 16
8 79
27 57
59 39
30 8
22 91
10 2
90 21
54 44
87 51
17 29
X
82 52
11 74
46 31
50 23
77 16
89 97
4 1
72 45
43 83
69 79
75 36
37 55
25 29
83 65
1 11
84 16
5 1
50 71
71 44
78 13
8 53
18 96
66 57
85 24
38 28
48 48
4 80
37 27
44 28
81 68
49 56
90 83
67 71
21 19
90 16
39 32
86 7
84 56
15 66
25 52
54 3
95 25
25 19
66 59
14 2
13 88
82 17
5 89
X
43 33
33 82
34 82
56 90
79 73
96 86
88 35
53 85
54 85
13 22
28 61
4 56
80 55
86 9
34 78
53 19
80 89
42 59
63 42
65 82
87 95
1 91
8 26
77 92
46 59
70 64
56 34
60 22
39 71
67 47
5 15
32 98
77 64
15 2
9 36
55 58
47 29
13 91
92 30
16 2
45 41
8 63
2 46
25 56
17 55
76 98
24 58
23 95
40 5
89 17
39 85
86 98
18 9
4 65
55 54
75 28
80 67
72 27
29 22
34 63
69 54
19 9
35 77
47 44
78 46
93 67
78 2
17 61
49 24
14 11
84 20
27 65
4 33
50 55
37 18
31 80
38 18
6 51
57 56
26 53
42 12
98 85
65 55
29 31
16 97
66 39
56 24
33 46
90 69
96 28
62 6
58 24
48 53
59 87
56 98
79 31
44 18
87 91
39 22
92 56
94 56
91 91
17 15
29 40
39 48
69 97
76 34
15 47
19 15
9 50
0 14
48 59
71 71
81 72
26 27
87 40
72 51
34 21
86 77
87 83
7 67
46 95
11 18
5 13
42 90
82 3
17 2
15 61
13 54
38 92
43 74
14 54
98 29
23 58
13 78
4 44
17 79
54 47
18 2
53 12
6 1
12 20
46 42
79 58
94 64
90 34
9 90
14 10
81 73
39 70
66 63
31 75
26 29
53 16
49 34
71 35
6 65
17 23
50 21
92 3
24 37
59 70
50 81
74 25
41 39
5 35
58 75
92 91
53 54
34 15
29 9
57 78
21 82
14 14
28 41
60 78
59 54
60 54
37 37
29 65
30 9
6 86
77 77
71 89
91 24
62 8
82 46
2 87
24 92
39 9
66 52
1 73
21 14
29 43
38 32
98 57
64 26
82 80
20 17
65 54
37 91
56 39
34 46
28 48
52 92
29 19
27 79
21 10
23 17
2 26
87 74
17 78
47 32
65 73
75 54
55 41
28 7
8 70
64 86
56 32
22 66
5 42
98 30
39 83
21 13
96 51
24 81
38 23
14 60
86 44
13 45
4 19
60 27
58 38
21 31
35 81
58 56
79 88
75 34
2 92
68 28
34 70
98 44
93 3
40 11
71 28
33 60
34 60
64 55
27 10
59 47
17 50
98 82
11 25
8 71
74 77
65 57
7 1
65 76
39 63
31 87
36 17
30 50
95 45
6 39
27 2
73 27
63 80
8 27
50 86
38 50
10 27
69 5
28 2
35 79
89 76
14 16
91 69
3 91
82 39
70 82
8 82
95 40
93 55
44 79
97 3
54 62
45 71
90 57
43 17
67 78
71 59
62 29
53 42
97 80
3 76
18 72
50 11
57 60
40 7
44 10
7 81
28 25
61 60
61 9
77 72
10 1
43 13
93 90
75 81
16 18
56 91
68 23
87 2
10 90
63 11
77 50
50 65
18 92
15 37
74 61
11 35
90 97
38 86
44 49
78 63
43 76
64 84
39 64
5 60
55 53
20 45
97 81
74 23
16 22
14 35
90 33
92 60
93 60
5 4
31 16
10 47
38 75
64 76
83 29
68 56
62 64
36 48
45 25
49 75
92 82
50 75
61 49
23 18
83 8
54 25
11 1
87 98
85 76
23 22
60 39
75 88
46 41
96 41
48 71
92 85
81 30
7 32
90 15
33 35
81 24
9 72
67 91
6 36
42 94
1 59
92 15
46 52
1 69
39 62
87 23
89 20
83 83
42 84
11 76
90 20
16 34
84 19
67 43
70 74
93 2
96 20
65 84
4 84
96 70
60 59
76 14
81 74
0 21
15 1
71 47
30 42
87 8
82 67
20 23
63 65
61 62
93 57
32 36
33 36
4 85
86 11
26 34
96 19
23 45
11 57
94 6
3 55
10 24
91 5
68 96
96 43
44 30
82 40
77 88
9 48
X
26 69
93 34
80 96
23 39
79 92
40 18
77 90
32 21
52 42
89 42
13 21
56 36
54 32
40 85
13 64
27 52
66 58
65 10
70 58
4 47
22 98
51 53
13 4
34 87
59 80
17 80
34 91
50 63
43 84
47 22
89 81
16 21
79 9
0 9
36 31
89 92
48 90
54 16
36 78
59 53
0 76
9 43
43 31
11 68
93 5
94 5
91 73
95 9
11 93
47 21
83 13
79 89
59 18
29 21
79 60
13 38
18 25
87 90
51 92
0 45
36 37
95 2
61 88
75 65
62 49
16 1
88 64
21 35
73 88
15 9
19 74
33 95
44 93
94 60
41 2
38 71
2 61
X
4 55
55 47
7 61
92 41
50 76
97 53
67 7
76 22
97 33
94 57
98 33
46 53
61 76
37 26
26 44
28 19
13 12
7 33
96 72
37 23
36 44
45 98
84 59
94 68
92 12
14 33
45 45
16 80
70 73
81 18
49 87
69 98
17 1
10 9
70 54
97 4
76 30
85 18
98 4
43 88
9 69
84 67
95 13
94 89
79 37
43 2
11 98
69 48
39 73
43 92
70 48
45 54
61 41
74 60
25 68
7 97
21 4
5 8
22 12
22 4
66 41
33 91
15 63
27 29
60 90
38 82
18 1
90 24
78 88
91 21
44 95
79 63
22 39
81 29
20 1
89 66
93 21
60 25
21 1
62 50
9 17
36 36
42 61
22 1
55 20
45 61
10 94
23 6
65 89
46 60
89 37
87 70
94 91
24 32
41 27
10 19
13 73
36 66
36 84
79 83
23 1
87 79
97 44
31 89
14 17
31 47
53 2
23 73
32 32
67 76
40 24
15 3
62 94
56 55
38 81
4 77
36 47
29 6
61 55
79 50
91 7
77 52
25 11
91 25
54 39
48 96
X
19 44
57 47
62 48
22 67
19 14
25 70
46 4
27 23
41 22
44 75
27 1
72 60
30 83
91 62
55 2
84 33
15 85
72 49
65 91
86 55
25 46
75 63
74 48
74 39
48 68
50 52
3 26
96 96
47 98
28 1
46 56
97 54
27 5
34 43
7 89
82 49
63 71
28 76
25 26
36 43
83 89
5 78
68 39
47 30
77 83
22 22
9 78
49 30
67 87
46 43
86 46
26 60
80 28
36 41
55 84
32 17
78 67
79 67
57 2
19 96
97 83
21 3
46 46
24 82
39 79
11 26
41 89
58 2
53 22
98 92
60 66
32 78
41 63
49 54
20 18
42 11
68 52
64 43
49 63
31 50
95 28
34 13
45 78
18 56
51 59
59 55
10 75
19 68
71 12
10 57
42 6
84 35
26 18
39 50
74 89
56 65
39 5
70 36
59 2
84 64
42 93
45 83
21 70
37 42
86 64
72 36
98 93
46 11
86 43
88 54
31 18
41 85
17 24
95 32
55 50
72 9
30 47
73 22
68 48
67 80
46 48
54 75
5 65
70 45
0 55
36 89
49 61
3 83
4 83
33 88
88 63
73 9
90 62
51 57
85 68
45 14
95 59
16 65
41 5
12 66
55 29
25 24
26 24
50 17
61 61
95 48
11 87
51 17
3 68
90 84
38 25
66 29
94 36
31 55
92 51
87 37
43 5
96 53
91 66
41 18
43 78
26 20
84 74
42 18
83 12
55 14
35 36
47 72
55 49
25 3
86 86
33 27
72 46
50 87
54 51
88 42
30 19
36 68
45 5
66 65
97 56
57 55
45 28
56 11
13 27
47 36
78 16
45 85
50 18
70 83
97 85
14 57
36 69
61 10
35 84
45 27
37 19
64 17
64 25
95 29
79 71
3 34
8 76
26 3
83 16
42 23
51 61
21 33
46 75
27 3
56 62
19 76
47 23
78 66
90 68
10 42
69 17
10 66
X
65 18
87 45
18 97
48 93
83 69
73 10
61 75
29 41
66 62
8 51
77 44
90 64
95 55
50 5
83 9
80 94
66 4
23 42
2 67
68 11
38 41
67 4
51 19
98 15
26 90
43 7
51 38
37 80
80 61
30 55
80 11
78 87
67 58
78 37
84 98
28 3
52 63
44 40
56 82
31 45
9 95
83 28
89 70
62 65
73 52
46 50
60 2
43 79
19 95
61 38
81 13
66 20
29 1
57 5
85 10
X
73 23
85 77
97 21
40 84
74 19
78 24
95 56
73 81
24 44
78 23
93 11
50 22
59 84
49 7
15 75
71 33
59 95
91 12
85 39
48 94
60 91
90 36
54 48
66 93
95 11
84 32
51 7
0 12
9 66
94 39
74 73
11 29
19 25
48 44
96 63
11 45
30 1
97 42
97 12
57 87
18 54
29 76
45 29
88 33
63 8
16 51
62 92
17 51
31 79
87 20
91 40
91 51
18 58
2 47
60 70
11 37
82 85
20 29
15 48
81 95
13 37
47 86
87 41
65 5
54 60
34 35
62 67
15 22
65 34
65 83
35 68
66 5
80 49
55 7
66 81
10 87
45 95
42 68
69 81
76 44
31 28
20 71
98 13
94 16
84 62
14 27
10 15
36 28
52 16
80 76
77 22
37 56
79 91
90 31
11 15
80 58
71 90
7 98
95 89
49 82
49 37
5 17
76 88
80 79
4 13
56 7
21 91
27 22
7 77
67 5
77 85
9 77
62 36
94 79
61 37
72 29
26 50
62 55
9 21
25 60
13 39
60 92
3 11
66 55
13 82
11 67
41 3
69 37
18 20
51 24
8 85
89 22
28 26
X
98 87
40 50
29 26
60 47
11 10
56 93
79 55
X
70 97
63 47
18 15
21 20
9 56
49 59
36 26
11 13
16 17
25 45
40 88
69 30
70 38
50 42
9 14
74 6
58 41
48 57
22 71
72 30
62 27
46 58
47 58
78 85
40 68
22 96
88 52
5 49
70 5
71 65
81 6
2 30
75 59
42 9
29 20
6 23
41 49
44 84
74 4
33 55
44 9
28 15
80 8
53 96
20 77
47 91
35 86
28 67
19 40
4 78
52 45
75 62
89 36
98 88
55 45
45 86
85 42
30 79
77 84
1 60
84 25
58 45
84 84
46 55
11 23
59 86
81 8
96 42
89 35
14 61
41 21
74 5
93 56
89 75
34 17
64 2
36 15
18 60
31 1
24 23
2 76
59 67
55 52
82 26
32 1
18 33
70 81
89 26
12 69
15 68
84 24
27 12
41 15
55 90
14 63
15 62
22 75
87 6
24 68
12 94
49 23
43 91
44 91
20 94
49 80
5 27
48 3
43 20
33 89
24 38
84 83
28 43
89 67
20 11
39 60
11 42
35 37
3 50
54 87
78 71
22 16
43 63
81 98
68 60
69 60
50 69
9 84
45 15
37 43
28 28
64 46
35 14
94 32
12 39
48 19
4 53
58 68
14 39
85 5
86 5
66 47
10 72
71 75
72 75
21 27
60 23
13 53
83 84
2 80
45 36
16 53
62 78
45 12
12 97
23 11
31 41
44 33
22 53
66 9
95 86
8 66
60 37
60 18
94 76
97 8
69 2
57 20
50 3
54 12
18 26
60 81
85 75
64 38
74 58
59 33
16 40
39 27
29 25
93 82
46 93
84 21
29 85
37 1
12 70
6 76
63 29
22 62
43 34
83 57
38 85
7 56
47 10
90 50
2 9
22 68
48 14
60 41
78 18
28 40
61 90
73 77
77 38
94 21
73 42
37 84
76 50
76 15
69 96
42 77
52 10
15 84
31 48
82 90
29 35
76 36
54 14
38 11
56 14
75 79
3 81
52 3
97 71
86 19
62 35
39 46
3 7
14 81
25 32
90 23
12 33
79 40
68 61
8 90
77 93
55 26
73 78
90 55
39 93
91 55
76 17
28 81
76 35
59 76
8 80
70 14
41 59
67 24
60 26
29 98
92 20
71 14
91 15
58 46
62 83
56 56
36 32
4 7
93 29
47 89
0 20
48 81
70 12
13 98
48 62
61 57
39 1
22 92
7 20
69 25
86 76
71 25
57 82
8 20
73 87
6 24
92 66
6 7
26 37
6 19
12 36
67 16
15 82
66 72
61 69
79 47
23 97
8 9
12 68
40 1
25 22
98 26
50 73
62 10
48 11
86 59
81 9
37 31
58 73
36 82
46 37
36 93
93 59
90 96
92 7
7 27
61 78
50 33
64 65
79 16
0 97
4 52
58 84
5 52
70 93
55 38
78 32
32 45
68 91
26 87
79 90
79 79
32 86
76 60
33 70
27 76
88 90
64 61
38 30
76 84
10 60
55 98
13 7
97 72
37 76
27 69
5 59
41 36
14 48
71 61
18 57
85 60
24 91
25 91
24 28
18 29
14 80
3 49
94 24
62 37
40 75
66 87
7 18
45 90
47 69
23 94
79 13
54 76
40 40
65 37
94 7
78 68
85 9
25 59
50 36
X
91 43
39 95
48 40
25 21
91 14
55 36
26 49
96 83
78 70
28 53
57 92
88 16
3 86
98 89
12 64
51 78
92 14
69 31
35 24
5 44
24 89
25 89
71 92
94 90
31 29
61 93
7 25
20 64
3 97
97 7
85 37
X
61 29
X
47 7
X
64 96
97 43
23 90
28 74
21 28
X
70 31
27 64
X
4 50
X
4 94
0 68
33 11
X
X
76 24
94 70
X
X
74 53
17 40
18 65
X
X
41 38
X
X
X
11 72
40 25
X
81 86
X
X
X
X
8 41
17 7
X
19 57
X
5 74
85 51
52 73
X
40 77
X
2 0
60 56
85 35
73 86
75 21
43 59
47 52
X
95 39
X
86 37
70 20
X
66 40
63 35
67 22
79 14
20 62
21 17
X
X
X
31 25
33 64
71 7
13 33
X
6 40
5 87
X
29 81
55 5
79 10
X
81 66
17 16
X
3 30
31 2
X
44 54
29 42
13 87
X
93 91
24 36
X
61 36
52 51
53 59
X
95 70
36 49
54 86
79 61
X
17 5
X
X
6 84
81 96
X
X
24 84
14 7
66 83
20 72
X
43 94
10 84
10 93
X
X
89 53
89 62
77 47
X
X
38 58
33 18
38 0
X
X
X
73 35
X
X
X
42 7
95 47
X
X
78 14
5 90
28 80
88 5
44 48
X
42 36
22 30
X
X
X
36 88
68 98
25 84
36 30
X
80 22
27 60
70 32
X
13 86
X
38 33
23 37
39 17
77 24
X
2 49
X
X
X
X
X
36 52
X
X
24 6
73 16
8 96
22 44
X
X
X
71 34
X
11 91
X
X
X
X
53 45
X
59 40
15 71
X
8 49
62 25
64 49
X
0 95
X
X
11 56
54 83
94 59
20 70
60 86
X
94 46
80 92
3 32
9 67
35 49
X
47 70
20 42
36 86
59 71
36 72
65 8
30 15
27 34
78 31
X
85 20
X
X
X
X
X
94 44
50 48
92 22
14 19
13 89
X
71 70
39 44
X
34 65
X
45 82
20 55
29 68
90 76
79 84
87 38
X
X
18 62
32 2
X
18 59
69 68
X
22 13
3 27
X
15 64
23 35
28 57
52 60
X
18 5
X
X
83 38
X
X
55 82
42 24
X
58 21
X
91 4
X
64 72
X
X
37 92
X
X
67 81
60 53
X
4 49
38 31
X
98 71
69 90
1 97
49 12
90 0
X
X
5 20
94 37
13 14
X
X
45 24
X
24 26
37 77
83 67
X
X
67 41
X
12 1
21 21
X
X
52 52
X
15 96
31 92
8 12
X
77 45
80 30
X
19 73
95 78
54 38
X
95 77
1 64
49 14
X
X
X
X
7 10
X
63 25
11 59
X
X
47 6
37 36
X
X
X
X
X
X
X
38 1
X
78 15
75 51
70 80
88 53
X
X
96 36
96 11
X
94 92
1 68
1 27
X
51 86
X
X
80 45
X
X
X
X
X
87 46
43 1
42 5
X
X
X
X
X
45 43
X
X
X
44 37
91 63
24 53
17 91
28 91
X
31 39
65 49
X
40 60
91 98
73 95
35 39
26 73
56 33
X
X
31 86
56 9
16 81
X
54 1
60 85
X
14 69
X
56 69
X
5 61
28 49
X
43 28
X
50 7
X
45 37
X
96 32
53 17
X
13 16
X
63 7
X
33 26
35 62
69 72
38 68
55 32
X
X
45 40
X
X
52 21
79 5
8 47
58 4
55 79
31 26
X
8 50
X
X
X
6 85
1 48
41 48
X
21 29
X
X
77 69
X
12 6
36 73
75 33
40 12
X
X
X
34 95
6 21
74 92
94 77
22 95
6 98
X
91 34
55 88
X
28 83
39 68
15 77
71 32
X
13 23
X
X
53 80
62 9
X
X
97 92
11 33
73 59
X
X
X
13 77
X
40 9
X
82 74
17 6
X
11 86
X
X
11 22
83 40
41 92
55 19
X
43 53
15 10
X
66 66
X
86 83
X
X
8 30
X
42 10
X
5 55
28 72
X
85 52
X
X
X
X
X
59 92
80 93
74 64
29 37
80 1
X
23 72
X
54 90
X
X
61 53
X
X
44 50
70 8
72 47
X
X
85 25
X
65 17
83 94
X
67 77
47 28
74 21
53 74
75 46
27 21
X
65 90
X
8 57
28 78
42 78
X
17 54
X
12 25
X
6 90
87 44
26 41
X
X
X
15 34
X
X
X
68 80
X
X
X
X
32 31
46 21
X
76 87
84 1
X
X
30 30
19 71
1 72
X
X
12 7
42 63
X
24 95
X
X
67 39
X
X
70 44
X
7 2
X
77 13
11 61
X
X
X
X
X
X
5 10
1 19
95 14
62 88
90 17
X
19 80
30 86
X
X
4 69
18 28
34 41
4 51
83 95
X
X
35 10
X
58 85
26 28
28 42
15 27
60 71
41 10
39 82
46 64
X
X
X
X
30 39
X
X
X
88 28
X
14 88
61 65
44 60
5 97
X
X
30 26
X
X
33 87
X
5 33
48 56
X
95 65
X
27 91
2 86
20 73
X
59 96
X
X
55 46
X
41 67
69 22
43 62
X
94 27
X
63 75
11 69
20 14
41 57
X
48 60
63 76
X
82 25
X
X
X
98 51
77 56
64 59
29 50
X
65 62
57 33
X
X
39 45
56 94
82 31
88 2
41 75
X
X
68 42
X
X
18 71
X
X
X
X
31 32
24 75
57 34
X
27 83
X
87 7
57 23
X
97 57
X
X
39 57
X
X
53 18
30 37
X
39 90
17 20
X
11 8
X
X
32 41
X
20 58
97 67
39 11
X
X
X
X
69 53
X
85 80
X
30 43
51 25
39 51
X
52 56
X
98 78
X
4 3
X
X
0 69
27 98
26 76
3 12
X
10 37
16 92
X
X
55 85
X
X
91 44
91 92
32 3
X
10 32
X
74 22
26 12
X
X
50 67
96 89
X
X
54 63
X
9 60
22 42
39 97
0 98
79 87
X
92 70
X
73 43
X
68 24
X
56 87
79 15
X
67 57
18 75
10 67
X
X
58 54
90 70
X
X
8 93
66 34
77 17
X
61 85
X
87 80
40 23
84 78
37 66
35 19
X
51 50
42 95
X
33 38
X
23 75
21 94
48 31
26 78
X
X
76 23
90 51
90 63
96 57
39 53
74 87
X
70 95
X
X
17 14
X
90 26
X
61 77
X
X
2 59
17 96
X
58 80
86 3
77 89
X
X
76 71
74 8
X
X
17 17
82 20
X
27 74
62 51
47 60
X
X
6 26
X
X
54 58
X
X
44 90
0 15
X
86 42
X
X
88 83
75 72
75 91
80 65
84 65
X
X
X
X
33 17
86 54
8 40
X
77 67
27 82
X
83 61
61 89
90 46
X
6 42
61 26
X
44 96
X
76 78
67 26
50 62
X
76 28
X
13 79
X
X
X
31 94
12 46
X
X
X
X
83 26
23 7
67 70
60 29
35 92
X
X
62 93
65 65
20 41
X
X
14 18
37 87
78 35
X
18 27
87 85
63 38
X
94 83
X
31 57
20 27
22 69
X
53 65
65 48
79 75
75 30
X
X
39 21
46 33
47 59
84 79
87 35
X
X
48 50
X
52 91
69 83
87 3
31 71
56 52
X
X
98 68
X
78 82
X
X
X
X
X
57 73
82 73
29 75
17 84
46 18
X
27 41
72 72
67 55
48 85
X
87 43
15 53
X
X
87 49
4 76
X
13 59
80 47
67 63
X
X
36 50
X
52 18
X
X
X
31 93
18 19
X
57 90
X
7 4
6 94
53 28
54 21
X
86 18
X
X
98 31
27 14
24 94
36 45
96 45
76 66
X
44 58
13 61
56 29
29 4
X
X
77 21
76 53
33 66
X
58 7
X
X
X
X
27 90
56 42
59 38
25 53
81 85
92 92
X
X
97 59
85 16
X
61 47
27 78
57 51
29 97
X
67 45
X
X
X
21 72
93 27
X
77 51
4 71
50 72
9 25
96 49
77 91
27 58
88 41
72 89
X
X
91 16
X
81 48
X
91 20
X
X
X
70 46
58 57
56 31
43 37
X
66 37
X
10 17
X
X
X
X
95 64
X
8 91
X
X
58 26
23 47
10 21
13 40
X
51 34
86 41
49 57
83 86
51 4
82 48
48 77
X
76 93
X
X
X
X
50 79
X
48 45
21 2
X
27 39
X
81 25
28 58
X
X
X
X
28 50
X
X
87 52
15 91
X
69 55
X
67 74
93 78
65 69
34 88
94 55
X
25 30
X
90 65
24 59
X
78 79
96 26
X
X
7 80
11 54
X
X
X
X
X
59 66
52 6
X
30 98
7 7
X
53 61
38 37
80 54
98 50
X
X
23 2
5 51
36 62
0 50
71 52
93 69
86 53
X
X
X
51 51
X
X
35 63
10 68
